0.2505444445193643
-0.16313200652009374
0.01991045901721909
-0.033871594491057734
-0.0033019334248512284
-0.09462312396505047
-0.02773433644512206
0.10451463949235368
0.05179107137357901
0.12345850311991503
-0.01814203956833057
-0.16563133150960915
-0.09337759110499903
-0.17208527659651957
-0.2558709479741185
0.1202089935299874
0.23108600130856208
0.1571346709254492
0.0936602876366661
-0.12795561631328456
0.2389386045391194
-0.08727210915426788
-0.06040511556694035
-0.005297422392589436
0.11604103510128037
-0.2591980667312749
-0.16573292229836842
0.048181878970412005
0.04587651694138998
-0.09709116176964391
0.12210150148749192
-0.00474895285649605
0.18769114437677406
0.019206953549480307
-0.05097898507993135
-0.19390225882973697
-0.04115388546614054
0.009342617949451137
-0.11422111639606523
0.15834197228600824
0.16517813517194457
0.3153025470692902
0.02566125683146511
-0.10047523964988395
0.04405855726169239
-0.05121357369885036
0.008034894591571697
-0.023952207368778806
0.3141622671014183
-0.13602006143707332
0.1860062137195324
-0.16871417247947804
-0.3630113138787271
-0.07635197402429052
-0.03307969511046327
0.10069617719094817
0.10218545705795111
0.019139975227081933
-0.320511663973725
-0.24359163118323626
0.09873998539816609
-0.05198125979749336
-0.016815413375373654
0.05748725105236456
-0.16470597675038015
0.14606705987677004
0.0901819827735466
-0.05430362728320715
0.08207248236841984
-0.06624725592557508
-0.17395788625260042
-0.21648137267577083
0.2775992271776806
0.005131949850216134
0.15082882545083276
-0.25394447681960647
-0.20042670372879004
-0.07499627534957751
-0.16628361741145525
0.1084662415422232
0.008195323629250158
-0.1804551972586189
-0.22621118967565063
-0.08805484103398695
-0.018346019488531543
0.13276069561980194
-0.1701994721857888
0.0587972403011406
-0.009858764192885207
0.11186733967304928
-0.06287102309425009
0.09561416307278603
-0.1661415193879611
0.1370985267178331
0.16182722136753622
0.14634410241186188
0.19217614084499432
0.11053121725445912
0.012616336771646076
-0.19518576914198732
-0.2700462225788259
-0.11242455149821702
-0.09891539943895154
0.11876107956429718
-0.09916255474594961
-0.1273970499361794
-0.10839624759364916
-0.027089520706502654
0.05382807549498544
0.05589392684453055
-0.09820026075507077
-0.05671940638683279
-0.06257131075010496
-0.027917539365657187
-0.008142307031984996
0.05261894959284259
-0.2139672335719449
0.11486511638866949
0.28835721485705756
0.14495385066171046
0.13653789025075605
0.17085407726307114
0.005904974547927292
-0.12309903309347017
-0.02890661583465357
-0.03291966070704075
-0.22067866048775459
0.09439522337031934
-0.10643235411385613
0.13274468907597298
0.12135652032954283
-0.014574637022629835
0.10201326323364826
0.13752285936066533
-0.12338814984953836
-0.10707893179759462
-0.13830015562121978
-0.1691764582460576
-0.0621936624427174
0.08647580722792085
-0.2604859367679453
0.15036001045871053
0.3325571173938412
0.054283488920091084
-0.17563367445530176
-0.083941013736282
-0.21784110146451294
0.08931719313873421
0.2617517418046891
0.09852401157084899
0.048063407918667186
-0.1905298084977517
0.22676074784389869
-0.2909489422742605
0.10371596028920818
0.07193376938250257
0.10049067457868634
0.0583140328720761
0.062350942371609916
0.004613470212051285
-0.006730813685819242
-0.0509568549751277
-0.1313861293241216
0.12637515375821914
0.11508344791795529
0.14601116689874566
0.07122890789123003
-0.11517824556181339
-0.10191656220700485
-0.0732873094665808
-0.18279665310961865
0.07847298936441001
0.12147164685235819
-0.05940067905347643
0.0674772603145607
-0.08639489078105966
0.2568893827055736
-0.1651385256947167
0.11904209577788985
-0.06569014916530959
0.11665736400842479
0.04268686105753368
0.21731061399493823
-0.06955586057146682
-0.2091671473043471
0.01495800439925821
0.044491704716311524
-0.060008917070686396
0.10922607181539679
-0.143165697603242
-0.11382509662234372
-0.07632556591027152
-0.29463355114045914
0.17665256748872565
-0.2966941467424212
0.24174908409439602
0.28975782026580876
0.3374618425604296
-0.13430303679831732
-0.1996293445880446
0.02830306112766831
-0.11491815510079309
0.1631718065001675
0.07638799532729981
-0.0626304421078364
0.14622374198099813
0.019250867322780262
0.08538202488615113
-0.13955635564984706
0.12913481651315176
0.07260822744417042
-0.17180582976538045
0.12485306799320076
-0.20083370149574062
-0.04791856525785898
-0.1208789652180223
-0.02817964652117054
-0.031713844462029676
-0.18505317711737046
0.19259288219927528
0.1105425153600371
0.14245543205795916
-0.11245861434438204
0.09346880379388182
-0.15336768422371982
-0.007314833755082982
0.09248094488521773
0.06615600681550438
-0.07055445072657733
0.06688301339869095
0.06146593859002525
-0.0447375464164468
-0.10418390866042954
0.024073705904443844
0.06531223758651555
-0.16309873132820005
0.20537983137591947
-0.3517546738874611
-0.2979622269638411
0.1105915729202735
-0.04756120431161501
0.04199264648477314
-0.14851283141023144
0.11186091353682223
-0.06031526507032611
0.010285872941825414
-0.0011451941666152249
-0.001484026021331061
-0.035314642977127025
-0.21934731567568522
-0.0931739001033563
0.0444975591726705
-0.015521135832545567
0.07473119653373576
0.027434332116832796
0.07112480065847458
0.05817092386190484
0.0826758626603384
-0.07009195839384585
-0.029398170804450285
-0.11630799480906169
-0.0058594203163689655
0.12482041972672085
0.0840976162569366
-0.09683360998039141
-0.1663238788526427
-0.2337995305661012
0.25966316673643697
-0.03401341315481698
0.1348367786130784
0.08438576796878336
0.06430124184026449
-0.028135016770915157
0.07420396929452472
0.06844357389327421
0.0234462851567838
-0.08108038870881577
-0.0008251595304449378
-0.14784384080137972
0.22451703396665357
-0.03426112744186253
0.04877490421858657
0.09616785327319778
-0.007388749781974497
-0.10074720237947453
0.01455813005522363
0.16415138302558213
0.01292859951490147
0.249111668088844
-0.017569529599125805
0.28258955003053093
-0.24651332350333466
-0.13729630535012607
-0.15911536986538952
-0.2812951858584189
0.20750971075175953
-0.1279604417404961
0.19105387577460084
0.08870412446065332
-0.01904672467319221
-0.1881016850629527
-0.19768122726574283
-0.1631226998759783
-0.1308018081138312
0.04620480253415059
-0.17530909717166665
0.014992050140009839
-0.2011424297844314
0.14119461524167168
-0.15804343692798375
0.07838803766449041
0.24393507554838073
0.06343843469361249
-0.11399863962544725
0.09525996019429801
-0.24146809983333883
-0.17389764443733674
-0.2710817435788094
-0.11031817783136834
0.05887990719143728
0.023292681412562265
0.011726469507108856
0.10080569875764024
0.036980810872889174
-0.04368096044476884
-0.011168404793110072
-0.061851431557699926
-0.1917033563540087
0.1041146816674608
-0.2225337968720362
-0.23566813640204085
-0.22703865457065994
-0.24315798763496915
0.03210279409621975
0.26406342546092104
0.22106804994173063
0.16411403747447198
0.10533302544950716
0.2767046017115326
-0.04504153447973783
-0.20649437353897984
0.014448856788353904
-0.05173880936137785
0.007344614702057247
0.08685246565555758
0.11994214505951172
-0.17668439750187034
-0.1309739326050606
0.004765862342791889
0.12199678769189547
0.05593548966344787
-0.16413462457180802
-0.11559791753846085
-0.21120663879772408
-0.11901646030822134
-0.22398212793232436
-0.13991605505277357
0.028919057413122173
0.12927114317216115
0.04387166541303289
-0.05048709486574791
0.005539989093770233
0.07165534362205363
0.1494989796198571
0.07838762633183723
0.040030870812362826
0.21145635504523552
-0.23567172671054817
0.16268590873533728
-0.22401509007860382
-0.2147053664673522
0.11921713022518983
0.2553892030840822
-0.2180870560331219
-0.04231252503383846
-0.16404683219721702
-0.03902552733042705
-0.37374638731803883
-0.49627755524767214
0.2510096663926278
-0.3551376059507176
0.3761660425506881
0.045609528945259464
-0.030403420098422063
0.057123425989434706
-0.06344051262501177
-0.03711460911396188
0.0742408598848473
-0.0014146422303285167
-0.23257030432936981
0.013712163595213071
-0.08082212079592073
-0.026257766166972854
-0.05726971846929675
-0.1572916212755143
0.013418254547912834
0.24143144102883546
-0.2812380334470937
0.07386546820838118
0.10920369341518248
-0.0919011438622173
-0.06578241182608628
-0.10419391768904414
0.20604745417391715
-0.06624588033271074
0.17139248508671523
-0.06698782229243413
-0.21149223798360398
-0.033245491062897335
0.1256167759700603
0.12656870951210644
0.06809992704523145
-0.05718021959918774
0.010062782564374763
-0.03625160345914666
-0.049451194373082256
-0.08469859760056866
0.15694154275721053
0.039910184723986455
0.11812952911806343
0.14463355700505964
-0.14541149359333275
0.07441371499752578
0.17795522977971165
-0.16813589326232384
-0.10005127022886842
0.00969960312375613
0.13962405640238046
-0.06923720579311397
0.1833883314811269
-0.005847142373533088
-0.19391981621146098
-0.1896909399502997
-0.274969162846758
-0.10132783239329125
-0.006713809652219789
0.04346092592380192
0.02805134154868288
0.2729531176580959
-0.18430225097042818
0.14205566899256722
-0.2014947813974356
0.007612811522747305
0.31644863250843625
0.10958761104207339
-0.05717204581774505
0.16820043199975623
-0.0900886407406295
-0.20919179887695702
0.08670367844549613
-0.04462164532864891
0.19341598021191278
-0.012719268683320697
0.1411671894358683
-0.09504165855069316
0.043464615398594884
-0.12301825240121615
-0.25785805788035293
-0.0168081208142966
-0.06555869243360653
-0.19307824604001042
-0.014467097551593765
0.26635387384031645
-0.03863930696135542
0.09841642111150621
-0.12677648438593492
-0.04013049277501385
0.2160588319373494
0.08965767387705804
0.11477636796025208
0.13176070296554243
0.15354054308567486
-0.012953517255733602
0.20401107058260218
0.14698287776998262
-0.037802013598746104
0.09503582959594419
0.01800897656085752
-0.09428925916339251
-0.07444935785986494
-0.2861012464884984
-0.06784844910973276
-0.24919086660876874
-0.07552191451244593
0.19167724706521858
-0.14876786190573071
0.11885426746897834
-0.36770345293216117
-0.044001811339566765
0.0026748273896211924
0.23387760653357442
0.44852267289448594
-0.10614132767914077
0.10229014919205048
-0.0614964361868053
0.058939857131684995
-0.0023433049627434874
-0.010911730358551707
0.23358167111054598
-0.26682954652216306
0.022346029801671767
-0.02070285858385597
0.07161061401421735
0.12521875822647946
0.06166345345465102
-0.044807292958105406
-0.07064739145597779
0.08453869879387978
0.19452127193707625
-0.11856202626303684
-0.01727084117987473
-0.00595265342805316
0.04173368000743437
0.024368673748715822
0.03872196248860042
0.037389736290411514
-0.06848959023125621
0.26924920027735927
0.028713668644890587
0.22419411551478755
0.06721738754048097
0.1450608190620701
0.2153368756168223
-0.12677027010610908
0.22941175627379765
-0.09492725566297852
-0.13352473221143726
0.06866133529302595
0.004189300450165536
0.14246952338509902
-0.08481532369152828
0.18048717919579127
0.11858115815762425
-0.1419575494563113
0.14067066635277103
-0.07014360141734502
0.13106148835119882
-0.06757207628761744
-0.016937426930689246
0.0038651884111027533
0.028260040987237233
0.2676848167719934
0.16604748300223926
0.11799632640445964
-0.009283611322181324
0.10041094958833374
0.05111388404568218
0.009262476876057869
0.045322047898700334
0.010511060849698703
0.0904383706701518
0.02989725145520753
0.12590181492559657
0.031213180406196077
0.055162910652009005
0.191289805091544
-0.0337171864906324
0.049358329567231435
0.01434465782916421
0.1748593204252159
0.21313211329398837
0.10138731906738088
-0.06745122707345991
-0.21603317846858558
0.08720821925842524
0.2762707695304671
0.15540153539118573
0.19878592308577503
-0.12283921495276441
0.01590741811793617
0.09832436971835971
0.10774784962669164
0.14057759098222367
0.03256665292767309
0.07109814256064291
-0.18193088210676042
