-0.04183330050542348
-0.028381498353588358
-0.0533207731600665
-0.13049587007259536
-0.1253268300226118
-0.057834460989565406
-0.04468291520452872
0.09377634371390875
-0.12652105802889038
-0.07199386118374113
0.023953468714084814
-0.11830039320246141
-0.07024671869581628
0.19447562130304402
0.15258472673399223
0.025525085105564733
0.11408932166473454
0.18412351900238597
-0.0799160287328065
0.17092122037174118
0.03780448688962002
0.09178067406604984
0.05119606804988912
0.07491315049672387
-0.034921183865677025
0.09121867173946653
0.15982458829244
-0.005628584507718236
0.05003568752989195
0.08518571919017758
-0.058281393545730246
-0.04117652540092976
-0.3121529477308466
-0.22550535095015872
-0.05465126282523852
-0.09493974913069335
-0.17762053238357609
-0.05462799840310314
-0.05387878450340344
-0.036915069850882
-0.015496952561785775
0.07049676521565912
-0.034142055758177525
-0.07241243470264386
-0.27678092099353196
-0.14689532997732685
-0.04797483695595591
-0.19147003675832514
0.12984079316904723
-0.027175648214290218
0.13533513378460035
-0.0943303729579566
-0.026350083143617045
0.02727467280193551
0.01331933600333022
-0.1894084318168922
-0.033246739335975294
-0.1188413085958843
-0.1554603655312995
-0.08148393750615499
0.0020304793039284245
-0.14009011096399046
-0.051505991933834476
-0.11678546192254462
-0.05089004996004683
-0.09032045592282169
0.009089412270058972
-0.13623912928194923
-0.07937499129537048
-0.14715787368679784
-0.04135424342502413
-0.02209081683629587
-0.07874305934760234
0.09990468122668072
0.10067511003028165
0.052806577998815475
-0.004692382408723213
0.053421097875286996
-0.01517799981100142
0.07736490597371869
0.17308317319044667
-0.034806523591745554
-0.010179253155121009
0.007610955753177971
0.02575120688737365
-0.03221780910518621
-0.2652463181174275
-0.23604090994687824
-0.09621652498986948
-0.12093163343251298
-0.24166341055134108
0.1948120950381786
-0.08090055458064863
0.10487521593000623
0.10910532650060281
0.18227457459547677
-0.02690215064959411
0.04384250677316043
-0.265667483042639
-0.08645916695850168
-0.027350030631223952
-0.15545666023953392
0.20911882025561868
0.0541745349914361
0.27458701623939125
-0.037962548650248576
-0.058771809653370394
0.034711613483589136
0.1252614832707757
-0.1534349277443836
-0.06757780083556512
-0.12254021150524443
-0.22265290240014507
-0.14222903822132862
-0.036753113840350744
0.0826051072658489
0.014752769955310696
0.048369611469498655
0.07154619037945904
-0.007176582220311075
-0.14833619644285212
0.18790499165125638
-0.15183706850768977
0.08423531247999885
0.1837030404992034
0.2417674918237713
0.00212564523583849
-0.08259272993012194
-0.07111195658678812
-0.034375729086800755
-0.07941051960506984
-0.03281624159149438
0.07120763212546952
-0.12669584032303927
0.0416215847819562
-0.033499303418057125
-0.04147503179797823
-0.07017864887024144
0.006326716053636174
-0.2043465660377904
-0.17079976458189497
-0.19195644709543142
-0.10593840233332064
-0.04656588357517473
-0.06690541800656165
-0.015048450750317
-0.04882696677264428
-0.04769404706249871
-0.08691700084571298
-0.013814648544268096
0.037400726808147586
-0.04541560204238366
-0.1150189807567287
-0.11503018733644758
-0.08939610469552674
-0.15536866357040127
0.1664320236447705
-0.10347650403726552
0.24389781788830323
-0.1349652752599698
-0.1571955260473671
-0.05499703327183414
0.13875059504039666
-0.10022336054008106
0.022487436414704156
-0.09319892734575462
-0.23690661346659336
-0.14682217953068255
0.007554188505395345
0.09447833123989484
0.017729268047915858
0.049425418452404675
0.020053931300939926
-0.05547520876982559
-0.09446567574219915
0.17870453153675786
-0.1328269307576629
0.0645870497804367
0.12115682988619438
0.21355935053711314
0.03233834694838592
0.02933774712454714
-0.09629136685690028
0.03747716961405489
-0.0625317306239187
0.020197488794071478
0.045621061493027124
0.11169136134989863
0.06638967879774627
0.1570142261040576
0.06906471379295892
0.0992753512420638
-0.020397695912854893
0.01592355415484359
-0.0917616374793761
-0.0005895402644784748
-0.010235046231108118
0.0031133284257218504
-0.25976000233316804
0.15329747868284577
0.05540385856923352
0.27465495208851876
0.16876907568154184
0.25870548190319664
0.11674802192589592
-0.20951830404953725
-0.3332875460088704
-0.16743060629430148
-0.1875968997747976
-0.23207789970418377
0.34701390270298954
-0.17035738149013718
0.01788080393295646
-0.1155840957165728
-0.17279911206267526
-0.09687801685401684
-0.006912686524134237
-0.07706688642878638
0.09168657916994256
-0.02774023276804813
-0.12516728973970898
-0.03068161694894631
0.09026611991051303
-0.11783637828561755
0.018981421444839226
-0.11586262600544454
-0.14374647834096518
-0.18692434522990276
0.13479639469823504
-0.1617770890328621
-0.059212666649920885
-0.18419837926822863
-0.1675245128884915
-0.09252847577116412
0.14049350865250057
-0.17287262079505505
-0.07405696424399782
-0.1525199308351497
-0.2587543013478708
-0.15323343873757886
0.07034985023170909
0.042667948742964736
0.08783577473247059
0.07361253349422668
-0.018598339339622662
-0.0046812422340075975
-0.019940269946796412
0.04180380070471475
0.06376096455835785
0.0508756446858036
0.011882443645378686
0.05227844493623151
-0.33092447105594386
0.3594982114338681
0.14218151483145336
0.43410759772402635
0.29581191558004094
0.3698522664237247
0.18452876669775978
-0.2090319422203643
-0.2715929828232055
-0.17827709979326764
-0.24391837253835297
-0.2855176227560837
0.4511462402297181
-0.2594850149917783
-0.037317884356717
-0.2266091968427758
-0.32775812726854336
-0.19513987722710072
0.30541391154137437
-0.3358410031883873
-0.17523261332088558
-0.23358994451040246
-0.39343163860999414
-0.276484694704361
-0.007978010098010337
0.11173865965689064
0.09767407321205232
0.23657392295631346
0.12376141302491359
0.1014194291885695
-0.13269321116803648
0.14594991332490956
-0.05924781545676371
0.1998045366761925
0.1660113975165026
0.23310726712563012
