-0.15285485961028347
-0.033596911396624435
-0.13024885443666984
0.09550494803396356
0.3027004338006465
0.07305787156553792
-0.1183466300294952
0.27173517760000804
0.008719560911990741
-0.032217229280143665
0.17915800347502084
0.03869834232683301
-0.2115513860472019
-0.21943802171272825
0.08587449148412192
0.01969827924685783
-0.16891241521324174
-0.21297566356753564
-0.1421127799655452
0.1894137624988523
0.0895177610282167
0.1345512175559151
0.05056485523644078
-0.0559595728281231
0.141777132423742
-0.09246408407145694
-0.10224749334970247
0.14320143851867895
-0.27412283886669053
0.20766964679527963
0.2198852892800042
0.1778428998434745
-0.07979650878075005
0.05313015296740294
-0.11271929529579547
-0.004456298840735522
0.4355728493616931
-0.013624235811062603
0.06921732810168052
-0.1742653314340652
-0.11537901692013815
-0.12855478864085812
0.08798411454530815
0.046703678435347756
0.12992194387785153
-0.04411728353431734
-0.06609378802712569
0.15424572989581362
-0.046833352354352174
0.14007605439915838
0.14311812159753265
-0.09720164887547318
0.091046772385098
0.24196064419731936
-0.00987650991555748
0.06158065276837795
0.15162251641336663
0.06217237356854756
0.14714256355720634
-0.2110951749410502
0.1401307992850125
0.004661958442559972
-0.15404627731449108
0.2662741509817428
-0.11828946095955344
0.1935659364175183
0.08429357130288027
-0.27673933194864175
0.29472896828304535
0.4639410221627631
-0.04063795640677906
-0.040173246181229666
-0.07080379635469468
-0.03957584674868207
-0.06695241690891421
0.2453145363521269
-0.13381764053964357
-0.16929528500256336
0.08499032290566658
0.012485495036771668
-0.19196226811134
-0.05371765674686133
-0.15812548315722763
0.18346423806227996
0.23312960590382903
-0.013847065469447743
0.08709970744493467
0.08549598197258126
0.04675946533670179
-0.0019996416884918654
0.04390674964537568
-0.08053110196032215
0.030039943341216874
-0.09726524495278788
-0.01727710914870109
-0.16537504818867854
0.07887732836813018
0.0050772203994501166
-0.02678752403860536
-0.1247797515499514
-0.12818772885330862
0.15983601786640844
0.15476851202409336
-0.08273106212475526
8.194063202659594e-05
-0.2352292391440993
-0.10163636818544917
0.017141216813386127
0.13493815889440772
0.15309382596854798
-0.14086503093106945
0.09207193158329784
-0.08156005986293177
-0.25026098956775533
-0.10753933211725032
0.14779160106410932
0.19518620775791293
-0.04862855535580282
-0.012782242903354358
-0.17906950494314922
-0.05279065232503824
-0.039000222550486956
0.04971027546176887
0.06679752332804399
-0.1638537229732188
0.19341684343744525
-0.1452205570032018
0.09112311553339089
0.029675547748826907
0.13232164279200603
-0.1523933535164925
-0.03730263889394931
0.0041213159568287815
-0.1340318685696738
0.05888185320019945
-0.15481889470056612
-0.1338056358870782
-0.06343924213013097
0.28948557066272274
-0.28109047866990616
-0.1432497049552431
-0.09451701404560175
-0.039403117400210644
0.0032470222298624455
-0.013767516216964048
-0.17343220243087948
-0.07608269361473882
0.03194740221426049
0.07904126974012544
0.07999681688131623
0.1896321340483473
-0.05792738424137701
0.06880429174026598
-0.0006005635039451649
-0.2995101213387657
0.19258983947859232
0.09209971040940994
-0.24891490328959265
0.11204157809396773
-0.020298521393531832
0.05987877094643143
-0.025943245331593805
0.3272861002924108
0.06690296562134448
0.2420432848025578
-0.19791800152557992
-0.1618632081215677
0.028705850430948535
0.060132821652740726
-0.032927552224210066
-0.0258752427672898
-0.16315509385183344
0.005076695602040651
-0.025992385743551654
-0.22091668919750201
0.03072354366803971
0.2031566468930327
0.1293710078977613
0.09423533175695487
-0.05272758381485898
-0.11182480083974562
0.2668563497649238
-0.009491394920134571
0.05677891370637626
0.0075432809268471575
-0.2187388599990544
-0.24550069526066415
-0.2326047283502168
-0.0316910509598863
-0.07885886352056826
-0.21804840269454112
0.1628460032378
-0.05154359783594209
0.025557498141991004
0.251735721804285
-0.014710463336260114
0.33654935743593006
-0.04860858887733899
-0.0031706669335403318
-0.2004849730399324
-0.07558377671756114
0.08891329277863787
-0.09278020912042972
-0.128502519969229
0.01022931511368938
-0.1613322966013972
0.2604628303290876
0.13775779193533305
0.1938699259925885
0.07658809264916126
0.13546158579709322
0.0783246027439325
0.11581557581315073
0.09841377484451892
0.12013529545076802
-0.021832020038353838
0.158363294594343
0.030390907608460138
0.10850390843638688
-0.03634845835641932
-0.12533729205940003
0.1780653668979433
-0.09568923056474801
0.0710840286459086
0.15862083301453248
-0.1866603151259728
-0.3268325949152119
0.19920505393390264
0.0818892853755448
-0.08798502322539313
0.04775750674296297
0.10758504456587822
-0.2162667350904307
-0.04824462151076967
0.32018380676447755
-0.07299514863206377
-0.03788826306551677
-0.11055085978815189
-0.07480181589107177
-0.07240524265745425
0.15747227595892452
-0.07144241688882791
-0.2512050159539997
-0.0465325025664584
-0.09256357588480615
0.19853719986490062
-0.18090003963521628
-0.15417734680112838
0.29817447130583785
0.12138385877325716
0.033683876462334804
-0.04310695407958341
0.1682298524676636
0.13190201430577764
-0.2201820040615276
-0.1365643370306916
-0.10880684639672777
0.12347636154346218
0.10032000137346808
0.07867463794691462
0.024451209852834676
-0.012204087343304509
-0.040343650985150324
0.2919474113307898
-0.19288739743946345
-0.021938183121932145
0.02024920665090521
0.191738195556853
-0.025271643007923766
0.1468074082931908
0.07569895780820413
0.2648763542095122
-0.31834830588298874
0.049382320093991385
-0.1496322269633493
0.02924921005843732
0.2578753396618487
0.07813389432751179
0.009019686880267908
0.2687208894824589
-0.13084427109781968
0.0593410566244734
0.07742860000654038
-0.1665441265833517
-0.1842229585770695
-0.000624538261697011
0.19308037333127973
-0.0029252695810811154
-0.13397098933393647
0.3170952848888617
-0.283796064559663
-0.04606640302793504
-0.14641914263179018
0.09266085469986644
0.11732028734709364
-0.12311157975824831
-0.005335163440447711
-0.027511696135849088
0.27717610961135547
-0.028585894553964472
0.1408757546002112
-0.24298820383011588
0.2247052636697579
0.02374766102014643
-0.18582824869392575
0.05635775381614331
-0.13798409096089748
-0.18269989583802354
0.06380181124408707
-0.11693551341183049
-0.18997457161562753
0.10291887397805448
0.13422558064137083
0.28518350090949324
-0.18379663355200843
0.029001325116549948
-0.14056256670412143
0.15986947567580942
-0.03784408974460322
0.0565698495769819
-0.08776926245379578
0.31244851733482387
-0.14483555720975702
0.08198308153388115
0.11278464978946813
-0.10311852087998565
-0.01730874729033939
-0.1519666236759873
0.20194371432890948
0.04453273101216264
-0.05194010799255624
-0.013280983404659082
-0.0937863174995129
-0.12124001228674204
0.007012656263913289
0.07349450252979238
0.215798920709326
0.03564206453613589
0.08739943781777973
0.11758797985382047
-0.015446764172442217
-0.11406966349764025
0.07980267369883096
-0.03135777980203235
-0.023158944939658244
0.05274206090741289
-0.11706843809874098
-0.19209512039903523
0.1364712765880628
-0.20345159204132965
0.31858795356110864
-0.00885563935794152
-0.04670168968101874
-0.20510890485734087
-0.18244678253026386
-0.17935512286668331
-0.1128852297131159
-0.10398818634361924
0.2759858467477918
0.1488345859224135
-0.048672020570728766
0.18220982497209381
-0.05195965619906339
0.17329029301327017
-0.25264160733522606
-0.2582641070888671
0.16778524615940646
-0.04409243405514523
-0.17428068071518374
-0.10715381120427725
0.05164567811358676
0.04406572497540491
0.27775719290998785
0.17416768492542803
0.10261024853535654
0.01396170203365793
0.07912798370873031
-0.03006363071778821
0.02135298324612355
-0.0027936693251217346
-0.1465565848662966
-0.12781563659617043
-0.12461074719694448
0.028744997514668184
0.10089106494768135
-0.07826246243112794
-0.19783182663352555
-0.013764528335576618
0.21204959023099748
0.24805735331812828
0.1821748488166517
0.030502018711629563
-0.21828676397190616
0.354429331842102
0.0032541853772253926
0.1220836057052395
0.024497598262867043
-0.10326604217174191
0.1842933572314325
0.03987952395406781
0.12649751638074905
0.10401102409857595
-0.08067078299504914
-0.2361318628145232
-0.053562022465511616
-0.18167767478019586
0.020301248584375875
-0.051870527815587035
-0.22648062626765525
0.13094391659660123
-0.13294395290493038
0.12670040409545144
0.13943710376766366
0.2003221222808986
0.16467018223104438
0.13423946554997504
-0.1431067682568192
-0.1612779208713488
-0.0667720157233744
0.08302765445199597
0.0747699434480271
-0.02489855255132603
0.004475662753251545
0.06414151445853662
-0.07311139851260429
0.10485505614818429
-0.1229403696371083
-0.020534321566011076
0.19257453742167566
0.14506060108714433
-0.07986702435728751
0.027834036426223518
-0.19091863957981617
0.23518397448746975
0.007379274417236515
0.22237909531191918
0.015132642296076984
0.02640923179016209
-0.1838031058749891
0.1681216896950507
-0.1218399260177517
-0.05382923441276872
-0.11371107783655958
0.08307448199888187
0.007681798624133683
0.31346249047972913
-0.2105090332291485
0.07732429297870339
0.24129745142589923
-0.20649744590987762
0.18034238541054173
0.14926786913232296
-0.020935920663218578
0.002469020900363491
-0.17702624681252144
-0.17653894861269231
-0.09616007448732321
0.10824698525660832
0.25158438776692815
-0.34766740854661343
-0.06087727068381451
-0.18471031477614563
0.18404467429951807
-0.18932447204440803
-0.19564326846410993
0.16609463672055128
0.08313967586277994
0.10668439355665124
-0.029153588421085095
0.13871147845145151
0.08334828422590032
-0.17480912643411586
-0.00230357538530741
0.02670914258101558
0.033424419846974994
-0.03374336642740016
0.05278303238164189
0.23975953448496937
0.09218189935289801
-0.028930990230092223
-0.06212456395073504
0.1819275131174133
-0.183589656324503
0.08338535407058165
-0.08312896769462498
-0.0430089628672005
0.001010139179061623
0.11602891213722615
0.03973639787661748
0.09604353600759145
-0.0209347340895161
0.012600837285115992
-0.02946225969112809
-0.08716772722020832
0.07949851116368002
-0.1948673190062655
0.08459588869505819
-0.05611087333993252
-0.13188925552201808
-0.15879084630483042
-0.12959779750964698
0.10289158189178571
-0.0036380488701132137
0.31754117899288536
-0.14694101401743695
-0.2320469032988954
-0.2590500306573229
0.04526985795329919
0.24755733350818956
-0.015348933766200109
-0.03846072177874184
-0.04745768753111914
0.13808030994450562
0.0647495131294347
-0.08691160544988806
0.18334324424002174
-0.13482789803783668
0.009301340256366244
-0.31908592850088807
0.2554198417669988
-0.16073121400697293
0.2208662359755056
-0.059060983367102166
-0.06052968276060599
-0.08668725724724977
-0.19116268546682127
-0.07467157484280319
0.008303426126288548
0.15131544017418336
0.07205965808626606
-0.13421849274705838
0.1673476951569622
0.26928527786718087
-0.013120049421180344
-0.27299935307440054
0.08940939646610592
0.1447813040372051
-0.1651201073598325
-0.09279104453613068
-0.052472123131093326
-0.15960217304823252
0.06739509313163376
0.08847844952137966
-0.021006142065645477
0.1628719418225501
0.07567246967245354
-0.1710085581849628
0.07125473354132107
-0.11136838482233369
-0.0517911658781079
-0.21652113895354555
0.17184891645240377
-0.00957824795972304
0.01687319793282787
0.17176874896220207
0.19451486514921862
0.005386610254974821
0.33277408562467475
0.054820716796188204
-0.12888525894278016
-0.252589939027377
-0.23649803206266334
0.05763145958193435
0.04810361964475152
0.04438954982802946
0.10109616330488257
0.061836552559830914
-0.16503936871104755
0.18321465974452628
0.0787204136901573
-0.15856576387314378
-0.10526146851160718
0.041898131759633986
0.032517136854400365
0.09375289953283177
0.004243847654308404
-0.20219838974095242
0.12043114820877261
0.2544396290423152
0.06542886959315639
-0.17053110582588005
0.08028651856196463
-0.09928413686544416
-0.18181813778081946
-0.15968677785096722
-0.14490091309589995
0.10879793280670023
0.11385649455068934
-0.05387732963053754
-0.26543751326559695
0.19997034356557186
-0.17156062406353892
0.1898568475693021
-0.08544495681419313
-0.18207768047996387
0.03908706874451857
0.13487054811564606
-0.057388121530975826
0.11575244474383928
-0.09153124368005175
0.06504627709482759
-0.2344809145094431
-0.2213578377971246
-0.10164066910796482
-0.2008796095134373
-0.21605093157525634
0.20866743306909283
-0.009219484321562789
0.13938667040330735
-0.05813205219941846
0.08084822263167016
0.18127592751152088
-0.10823188059783774
-0.020981375775831528
0.19819281199059152
0.08732497823008442
0.18341276756818484
0.19155458844514592
0.08348169413543445
-0.11538037293189878
0.2502567622802111
-0.32666602460071154
-0.04381792686657809
-0.1798192289498586
0.042552057673267446
-0.03917066419331697
0.10974288749291561
-0.1825993604251485
-0.13419730734813848
-0.03844279156288421
-0.1631150263500836
-0.05931183892933275
0.24147224395372482
-0.05258176848203641
-0.18445616121929423
0.16280749099319058
-0.2047514750352318
-0.02686954083999435
0.07256034212924306
-0.06645788709569551
0.05657323019435464
0.1810032496453207
-0.04557016377891318
0.09539216768360909
0.0003520927843242535
0.013657538428226656
0.1148624306037958
0.11322331399787797
0.11101245948671923
0.04131412290926067
0.10874649043118073
0.06147507907081238
0.002217373070790252
-0.07348672058885836
-0.000838383444161014
0.16754396483456316
-0.16717336819995265
-0.036930606331875754
0.19774403852038852
-0.11978290759277828
-0.043587747623748806
0.15802118086817502
-0.08187019717002418
0.031114186213809715
0.14772560463570428
0.10115175417405764
0.1256265393149077
-0.20873114110257718
0.09225889467334143
0.13214192594057533
-0.135507874327157
0.1717672019405276
0.26840053229855004
0.22107401405791263
0.10695847403077295
-0.1337393465285087
-0.03898272497390854
0.11872064986689179
0.02504183555809671
0.0786533453220049
0.1273020133536385
-0.054912267042320384
-0.06239158929681901
-0.03141841752994936
-0.2541064078864776
-0.0873559130103545
-0.30941586127079257
0.03156352731733504
-0.025997810661660802
-0.11052770000296736
-0.09260855170510299
0.09505842873686554
-0.023556428385878996
-0.00047124913747679674
-0.17202150230500102
-0.12770615186874687
0.11456232805969345
0.12689794931548987
-0.16080417913051628
0.1328115730642813
-0.28454021834137816
-0.22115974039196995
-0.16887805110730428
0.12040359984557912
0.16574354553976092
0.05579149426969143
0.0551914638662815
0.09528522315282047
0.14021129019010314
0.10840896697838759
-0.4113468553430229
0.004449398581956421
0.2691685427088407
0.011234577741254694
0.05911700228750606
-0.1274077490747662
-0.3205492611422774
-0.11030981104286704
-0.0833851000768839
0.1232893777377759
0.08155614538880733
-0.0922845255393436
0.02448271061880585
-0.1007053878110334
-0.1028085365619563
-0.09986768498942121
-0.03241883486294281
0.0053612055325955215
-0.28988678456997374
-0.02074584950117286
0.18494034217148436
0.16532906808478645
-0.21017427520148532
-0.21605998137867458
-0.04521509478597486
-0.16155437432048594
0.1864694177842156
-0.011661963647487743
-0.18886474558053962
0.009750875496249778
0.02371833472301933
-0.13612927762296462
0.22091085788458856
0.0846129104205689
0.03381500170318232
0.005511147969415961
0.15119309091776156
-0.341082934529349
-0.057729174900855496
-0.1461054305585459
0.170763984743154
-0.08483619901143401
-0.09565210838687573
-0.050770479605741464
0.009622319646770955
0.04895508269545222
0.22614149019328522
0.19113728151322462
0.20760464687502403
0.1568305532984099
0.024156867736110456
-0.26322983610598505
-0.09089804360390125
-0.07447620718484846
-0.08222154932136096
0.12255226478248044
0.037588679936038254
-0.02019035952508265
-0.09548883533106414
-0.12226033471225635
0.09899449658442704
-0.06352733561864572
0.07275954730863202
-0.0744774854726496
0.17836936572349188
0.12232893378563421
0.28675423895513674
0.1189869551353065
0.12486522533492408
0.09989185850940759
0.1126306732732778
0.1883705504526795
-0.20341366700312533
0.0092453743440299
0.07794033837045111
0.06795347400876799
0.02092998466657237
-0.11824042124177679
-0.08379453500335673
-0.03204851546785764
0.21991312762074636
-0.3076145354293327
-0.046239896296260206
-0.0213432696553218
0.006129139419962386
-0.1879219502654424
0.10421546793842702
0.108342162341566
-0.08130338856694691
-0.31034039763415044
0.012159901387072057
-0.015846489952175656
0.10354614189812332
-0.02711070804891135
-0.0665046740413222
0.19978417739521373
-0.009435316590258633
0.10164830105314714
-0.09443749752011506
-0.08038246719499127
0.2530467268362069
-0.3116180428559688
0.06922841613378337
0.10268353636075295
-0.1253036214776996
-0.14123299055015187
-0.07404766253975094
-0.06979200850616148
-0.10027350133229605
-0.2157633923004331
0.16245456465511982
0.12883879596115672
-0.08709993301351207
-0.17271269617557433
0.16583711803050755
-0.10067719456346527
0.0944149089822737
0.005925840025372273
0.1869544710917166
-0.025474196447316348
-0.10159525762220635
0.03748284641204604
-0.06793820120332152
0.24833707905938868
0.12450281992541917
-0.2108603666043664
0.05961822612159002
-0.03146760382311352
0.2519713431985219
-0.04458764917427026
0.299654036245567
0.04115602908974357
0.05057020734586574
-0.16234910672013125
0.22637976607502544
-0.1691778685602373
-0.042214368138192
0.0038358952194110832
-0.1357437526871849
0.29525013902891645
0.057563508492565946
-0.06421676683653328
0.06493985911161472
-0.12699403335478826
-0.1739363608025623
-0.22176638642918267
0.03021897127355671
-0.136485159353971
-0.2417600779873296
-0.00024516609223170643
0.11092367059358808
-0.3260649265657444
-0.2207824002368758
0.07296493475347374
0.13475266399255198
-0.11771076191825879
0.04479607571531255
0.08016142570684139
-0.03948298493665979
0.07396263309748827
-0.25433498339301003
-0.012663385471978091
-0.32287316676520167
0.12531454252737173
-0.032336807894251994
0.035109518782940885
-0.17511390534836543
0.057908114375021615
-0.06813851698581705
0.1290839920677278
0.07768232607918853
-0.06770751046261266
0.04351424774289375
-0.08436419471930291
0.09996314722040665
-0.27814088869262266
0.05627705834075147
0.1375559591795713
-0.16814425575348266
-0.048661406756397886
0.0944349439094341
0.0050325202505065465
-0.036941732385429
0.07642296832388143
0.1318850426825499
-0.06297796743389307
-0.06212612392184302
0.17562350178898564
0.09230834635962713
0.1256707897502984
-0.031772448487309715
0.04241279334697551
0.24401944129139128
0.059093924897288
-0.12090645927907608
-0.10566219475322228
-0.20004825673599624
0.010498648239384017
-0.24122516722190812
-0.09627073428689013
-0.12286161281081899
-0.1515843178524282
-0.14301751471509888
0.07876476442008566
-0.03556635089793111
0.026018466270851602
0.13977618800346567
-0.035108765892060106
-0.003212673667361663
-0.059588937704811225
0.11099545464215754
-0.11236907094820503
-0.19061414686880337
-0.02579932808065348
-0.04288113274086383
0.30677723471396817
0.03219004471705614
0.03395726875034633
-0.022548604033870864
-0.030496660744970767
0.1243263749651785
-0.24348087000740115
0.20766232801598214
-0.015187746817281208
0.2895403278813199
-0.013578990422744191
0.27266402994769645
-0.18503725957765277
0.021114001340433418
0.0874309031618248
0.0010942349739354485
-0.09357269163120699
-0.2345249211562813
0.0743662696355539
0.05233973011991203
0.12803042879369222
0.13043314675976928
0.11744578294665477
-0.12660825417122315
0.11064155013664392
0.00697929211913829
0.19768181905355
0.04420823913382446
-0.16246911011585596
0.020569665672775867
0.01577960017777213
0.2919399367311605
-0.13707928930823074
-0.22833186477007394
-0.1778514660163305
-0.275441688983253
0.030425881971752847
0.06132108462938326
0.14438826913813993
-0.17904432670137443
0.010149899927699865
0.08057086360392957
0.12077043808327255
-0.27632730705901154
-0.23627160563166413
0.12388103136104106
0.2955739128146483
-0.22191627754309
-0.24663916636403865
0.10246550557386139
0.16030421851409654
-0.06605211314820054
0.03742331497601479
0.07638071055442708
-0.03321775702570496
-0.0674216618565167
0.05153354721943541
0.08966269335178156
0.08305201154992801
0.09370147657331229
0.11892388966044615
0.10562754864812779
-0.2035861127446995
0.08721446602097385
0.0673437765275096
-0.02791568812432111
0.2552465896266114
-0.13461808987574367
0.08435468571122501
-0.1313430934111207
-0.30380311981823627
0.06290536343381678
-0.12052466908355741
0.04057577799189862
0.14780362596546806
0.12862976746812088
0.15929887966245826
-0.0274413074501712
0.12158069709053859
-0.1305234283065043
-0.3241537145370007
-0.010884341032488662
0.1879842433234521
-0.0690204116213576
0.16705274461957584
0.02748021049864067
0.22457578559303115
-0.1627976171456181
-0.1380879877466035
0.0961632740924157
0.04158825564533494
0.20901847863602913
0.0003069222422768469
0.05695297959597607
0.19436743909523602
-0.30532494458919945
-0.07069094663891314
-0.1372013437850562
0.10727635887013813
0.009619568284742511
0.13039104504913876
-0.04358842317721079
-0.19986274116472363
0.22250127231406713
-0.11666910444832476
-0.2776834823208284
-0.141128004118983
-0.10121415170882771
-0.1455268055314894
-0.12921191644340452
-0.06533744780022073
0.017836162007075832
-0.10673665229845197
0.12579367575804784
0.024203544790821572
-0.13175003422702158
0.0716105948412334
-0.11770132460895975
-0.09866743350111522
-0.07040861398955751
0.15304466766803895
0.07535040533744826
-0.257234820307102
-0.12172649539189144
-0.2791473440041506
0.06750428921513034
0.06452220098438738
-0.06445554431400619
0.056599128260428795
-0.05671442246779242
0.20509110435909705
0.008819880507594302
0.06498662415248983
-0.08731544243626876
-0.16238535072023155
0.09012067060516062
0.14686773032794215
0.1323460507899323
-0.17098489901355518
0.18416444816415753
0.061999533875318626
0.1807388694690766
-0.17387589338474418
0.05991392788286792
0.09022704239190972
-0.17637700756144528
-0.24077551157531232
-0.14122401223018288
0.038770949445436485
-0.08061636344233045
0.11999250943737877
0.1261630806892731
0.26115838463039787
0.013107128973468456
-0.07628910852686904
-0.15629658546531983
0.0710765583117179
0.19032167536604705
-0.07590761709102752
-0.2509135800465699
0.2218447018125424
-0.05993735709631492
0.06528534741996915
0.1460534300225683
0.21712963664530988
-0.055373990677136796
0.08920918650839683
0.0472021941008892
0.05331367116121732
0.16201125490456197
-0.09825434091394485
-0.20762721836740095
0.10429034360673353
0.21367972931387821
-0.05587290214906151
-0.08427280855557538
0.17457597054687893
0.1246779576814808
0.0197854997404902
-0.1844484558988922
-0.22362667464767022
0.13529139641709478
-0.06117035172194115
-0.04179938034676628
0.14077203190253562
-0.058387308318021344
-0.13656155084807592
-0.2197511775308562
0.18774307937316767
-0.12804456972268174
-0.08815835792266347
0.12842374215002272
-0.16814770392527836
-0.08407922229887649
0.07319425564866948
0.005836902262766933
-0.13618997160498958
-0.09060816390753222
-0.35646777998514284
-0.22515216270766525
0.011553487305177813
-0.15214135578679122
-0.18302388302777417
-0.0012065006004669974
0.14491354253752436
-0.06328765021183072
0.16693630226415535
-0.08766773292404392
0.2207007915025762
-0.20734441983206525
0.02100918912009691
0.08645016645032032
-0.024113781682207062
-0.1756915956035873
-0.07153424776716778
-0.16948695103329683
-0.12074547011802912
0.041009471173793326
0.13494548421621436
0.05595455344571981
0.20769119125579605
-0.2634466954525895
0.07095855011094455
-0.1351645774324772
-0.050243002244380906
0.12277246258301901
0.1589467408476358
0.006988845526052894
0.13476601076743558
0.019523662739698192
0.12298335056045102
-0.28475947632797993
0.08255059527709434
-0.040348001267734385
-0.23091183236964521
-0.16859958742180467
-0.007465118731658752
-0.2274164653428676
-0.1566635749575752
-0.06783916002247863
-0.056605411771937376
0.011010810998062738
-0.16205767164166518
-0.004130676985978653
0.05395854148972298
0.13180743990521368
0.08830426441812231
-0.21836355152116685
0.11976940401496637
-0.2614596806902455
0.10317833440661654
0.008436543948380464
0.12685686322887785
-0.038759316943952224
-0.026554412046936895
-0.09490646902499532
-0.19252330861261513
-0.004239421254021807
0.15095117695219018
0.12132420784446958
-0.037805465668163604
0.1790904515796072
-0.15742812717266155
-0.06886682357145266
0.07792984444897576
-0.0994215668990639
-0.25918125277871434
0.08144562993020243
-0.1017689922888128
-0.2861649888303534
-0.2267670010438428
-0.1368042960117186
0.114907723254394
-0.17022858779710504
-0.0779175940905934
-0.16651390787332618
-0.19760894502592471
-0.1611845312186095
-0.13268580429779375
-0.1646042114354762
-0.17050194539954047
0.09802345053406085
-0.08349485278595002
-0.22144108665161558
0.14042350381235047
-0.3608225199699712
0.044157596332149114
0.031705531951004576
0.00010972485641583381
0.13101734044538874
0.03728284828000267
-0.012554148541905882
-0.03818332766638521
-0.05431241414231121
0.22137201076077032
-0.15822223122340237
0.1869990991914122
0.1907008124783027
0.0727836788081197
-0.15228576684100215
-0.2216558375338076
0.2027649562417686
0.12903069280054985
0.15776830599867012
-0.003976867855156598
-0.18865794106703626
0.1625671821857841
0.06039362169850205
0.1626334205518796
-0.0940711694608006
0.11009458600577898
0.014830023632814623
0.07947437837625465
0.166180523221067
-0.029196477036394726
-0.32311060777176653
-0.09368263030811419
-0.00181586856867557
0.012209932044761503
-0.08624317022095787
-0.023095262551518315
0.11373131571955905
-0.15606098949284714
-0.1283570482731735
-0.0305527234440442
0.12486467514148726
0.17960293483046225
0.09439892274078684
-0.039566229631362866
-0.014669569574270371
-0.06226559097590624
-0.07839212660321668
-0.21298074295948088
-0.08960707567991821
0.15143610627554907
-0.011138797979365142
-0.052986342273237376
0.17548518775948307
-0.14986568275570433
-0.10428946666089041
-0.12091737512534069
0.022572104043018078
-0.22753763809288682
-0.15069083918628212
0.002545277604525899
-0.1829618355446713
-0.13044502166761748
-0.27158402587448055
0.001772705714422786
-0.25436605531507334
-0.06932675694180554
0.14675256738561113
-0.11423701943838441
0.016144453851287835
-0.33411403826377545
-0.026816547001658916
-0.29053678228410024
0.029939066279324134
-0.06548115322129226
-0.08751043177292092
0.2712565589850811
0.06631029881019616
-0.2705205368654479
-0.11918195493838915
0.10673769581746133
-0.16765196363189008
0.21143993337372127
-0.22644222039958567
-0.03506662391016859
-0.009649160514285555
-0.126490710297884
