-0.10953933218967209
-0.03622372811829361
-0.11689945585017773
0.0003059321476385298
0.07024044892612698
-0.13291108471365115
0.1825679524803057
0.0477499472719146
-0.0836643430379378
0.23785155165367117
-0.13553470837607343
0.001137541630563265
-0.16378469280953234
-0.19292449786051974
0.07904359742134788
-0.12696466255552818
-0.023963530692944032
-0.0032606504426083123
0.14762851184057643
-0.05740695563152502
0.019298812313156527
0.08967923562626776
0.25144327424095836
-0.11302688487085816
-0.08285219317362173
-0.07664395243381604
-0.12534912785639798
0.09848670919461185
0.13025331897059428
-0.028265999688570003
0.2892671640601267
0.023154098601382768
-0.10236037847394962
0.18231727519177515
-0.08578593439825336
0.055971041018910025
-0.05492092309077718
-0.19998417143264494
0.1640755502192512
-0.11425602240742223
-0.24353074659702026
0.02397521125211459
0.12032042764222677
-0.12708716806564796
-0.09255489664471742
0.11330167345303169
0.09568890461040935
-0.054493241049803555
0.05127427970870124
0.3248128449352903
-0.3633964537862617
0.2526269464975382
-0.09411557753926716
-0.2642744809342362
-0.009291200357559764
-0.22911896409974988
0.15417310866886458
0.269432459119256
-0.3441428588409566
-0.19485558569819142
0.15526722983371222
0.11799169703109444
-0.1580264529532077
0.262995680760406
-0.20395938883329387
-0.007361261806304883
0.1399631179788677
-0.2427996385891333
-0.02584363211320187
0.15054370287734065
-0.2573588682942176
-0.03798068962700083
0.03552547556515747
0.055989830374284275
-0.056435333067233036
0.26701438063139615
-0.05310272412750822
-0.347416170880398
0.18245374820242055
-0.0832056520406432
-0.012942694202571664
0.18647024711306592
-0.15257473659366153
-0.2361382264181037
-0.15926324021745003
-0.26229298203506596
0.3005382753441044
-0.07866089879921796
0.0035199318855876
0.16781850059633563
-0.05419403510871591
0.11626347569153417
-0.05318479978508189
-0.21660605347990813
0.06356775852087755
0.06648492037601564
0.0399120662453205
-0.07285334455366711
0.08665315467740915
0.3521952824217887
0.056866801337420565
-0.09144437091538395
0.16388082115317584
0.05318449184418108
-0.09477791312047071
-0.08133374673948687
-0.18021254229460087
-0.06456091146471125
-0.036813022402784994
-0.04600808883684218
0.12067168937851366
-0.07978144739304746
-0.01999319397824843
0.13495815070545664
-0.08734508206554811
0.1881774339659762
0.07984604684405386
-0.07501487204933449
-0.0925462212413166
-0.019272018137598233
-0.11275617109661905
0.15541134314384183
0.049776677844160615
0.07883335021207902
-0.024242547044773605
-0.23402958115224326
0.39264204793058377
0.005326358334648787
-0.18708707260747875
0.14122784124116888
-0.09734118454533058
-0.11180949924434988
-0.05676078921960184
0.07783201279960045
0.04684340858249334
0.12412997435388971
-0.0042306537933704935
0.04395951162871589
0.21412101309382384
0.16454903688093406
-0.08728005142817442
-0.01664344985760336
-0.25195294075723357
0.03645322853695524
0.00877963095223279
-0.1434062932575783
0.056384120851412776
-0.13624395410557116
0.008548189952280776
0.10719429179598665
0.013935118055915907
-0.09978742612250875
0.15816153719644518
0.12021907799704162
0.16775175221843364
-0.06784022887725624
-0.20626373658094801
-0.0754511146796741
-0.060275837882042965
-0.1416156834913838
0.24198317574735753
-0.07890005506247563
0.011855732147538347
0.126129614115433
0.05910828198347513
-0.03712661947465158
-0.04881625950428734
0.17412006103422156
-0.01590057646123626
-0.0995479195383079
-0.04850211239471465
-0.018182452349667557
0.21505921992725216
0.11522006004078078
0.09618034607591475
-0.006160202033012517
0.09358934868863915
0.04185510106513589
0.017033987848780827
0.13539705664599794
0.03179260649744031
-2.7679893931703226e-06
-0.104552685900733
-0.036474797646636935
0.10758724890737881
-0.0009224814716184125
-0.26041457749819363
0.13751693462475487
0.3091534193199279
-0.07575786509257906
-0.15784342731586293
-0.07487335574054159
-0.02459479558229135
-0.021705974800736584
0.030136206536412104
-0.04788897924619034
-0.3430197455687937
0.12471579919226335
0.14001911354231458
-0.3892183112425069
0.029846250816308227
0.06115041422937186
0.06814871396650819
0.03957107847958639
0.1070574890558179
0.06351865829291022
-0.15530475190448634
0.14394135039843656
-0.06914814548944581
0.12170504528028352
-0.06018542457260853
-0.10323851948133177
0.21770483849424213
-0.058800013939128204
-0.22127931900023298
0.03204403945507935
-0.12936529485702916
-0.3193063151054111
-0.010368316416848601
-0.10547020877756258
-0.3050835586559274
-0.03407402612047021
-0.14207969119845806
-0.17291559726045136
0.07658443545153112
-0.12207290077377878
-0.06140415883167216
0.3495317730007037
-0.045285247004465644
0.12246928602665128
0.14586266660668004
-0.005700820131994753
0.3010732129506008
-0.11498563166031793
0.07500676208677268
0.12110679802525301
0.10942128370905649
-0.012121751629313584
0.06802153297393175
-0.31949821313170645
-0.026565598939235924
-0.15515229329412178
6.892718288451822e-05
0.1521635581646082
-0.029377679286622087
-0.015350944574835872
0.03775661001148389
-0.050724503556297325
0.03843550824661541
-0.1903465799113467
-0.15598445743680253
0.2257008793046489
-0.06367620742073866
0.13848631295393563
0.15565440220585416
-0.18014247023270488
0.02104220952346086
-0.07164500922445145
0.24050065031317325
0.05266222222473665
-0.12445603519653606
0.17955779189535764
-0.06399336150280185
-0.08531118911292127
-0.11220652873195239
-0.0023718969886310543
-0.13324576127476176
-0.13495068807944527
-0.23239806117504883
0.05981928818022893
-0.29238300987733756
-0.17439667580549892
0.29425843444154093
-0.13213827930767957
-0.13558458043921545
0.22599341715420063
0.05732969148745624
0.19343562894692776
0.027722193269719825
-0.022113766957037272
0.015763693718201802
0.11242074128004055
0.14025876219142164
0.020229563670017343
-0.05739345749835274
-0.04566197219539978
-0.23631504142618068
0.1618498773194846
0.03476625028132546
-0.09710459574412694
-0.09733312342354247
-0.10587549952934286
0.11499459795704026
-0.17684284977886708
-0.1511573264229772
0.14972526625032004
0.08670262713359782
-0.017657495469416345
-0.03894020868984659
0.11641932885837246
0.0736077346121358
0.1471421358896568
0.015199812129309874
-0.0200845954736422
0.1013622831809829
0.05785394101311522
-0.07883169962237725
-0.17149442456692987
0.08483936837893295
0.10462325452357918
0.08953032253489722
-0.20452158533323084
0.22858888246750794
0.08761966242292854
-0.12200165590590709
0.12486084836642819
0.2504277643379311
-0.0003185369528917741
-0.08096566206979786
0.03453458269818734
0.06585834902729672
-0.03509682380480932
-0.10455453420296
0.09779903776995812
0.032140910431554294
0.09914224418607755
-0.0381625685165145
-0.05689932302582841
-0.17346352763858255
0.1292193243045445
-0.00775145300387793
-0.1474533018570052
-0.021672155944565057
0.14431598202605214
-0.021922647111426736
-0.20804136890764593
-0.12297673337199744
-0.18429181302613012
-0.25597783630872434
-0.029819069000148052
0.09306181308237027
-0.17586042266348154
-0.25800860635557343
0.32018710063699674
0.3020644596287557
-0.3338400052962326
-0.08956265264472256
0.08023758481228371
0.08436668371630689
0.04409496710759897
-0.21216976456018188
0.16383353614380367
-0.027284117067594604
0.150277358143388
-0.06088516304091169
0.08520280755212091
0.11108818083169529
-0.16741984301615948
-0.19260553726426846
-0.04357291439864038
-0.09313833011918463
-0.18222769831997102
-0.09347238936761132
-0.19547803784111983
-0.005243648844009587
-0.1906951686932607
-0.15781568802703116
0.1748697351571464
0.14517160735232684
-0.10684319854043701
-0.002556402590438704
-0.043293079380853895
-0.08185295541661969
0.06562354714746937
-0.14412250527731318
0.03659783346412567
-0.17538196774239792
-0.1226029250277595
0.07885068138340263
-0.34735266460604197
-0.24113616450934786
0.08102752478469498
-0.0735959837449538
0.16174111185145607
-0.0835414808468802
-0.11777004124409046
-0.17912482738863195
0.023062585822311174
-0.02382651840053459
-0.1533675215345992
0.023569172006259395
-0.011011611984855403
-0.08595829718520077
-0.10589543828972738
-0.11620957223583916
0.15781345782626194
0.1039670316491644
0.05401826594823289
-0.026951733560337476
-0.01730482505428276
-0.026206454730278158
0.007962212777346853
-0.07640404980537539
-0.11383895836608549
-0.13856986126456272
0.0221429162422915
-0.12012410488119418
0.051948812158373076
-0.029818519924830467
0.17783606427758136
0.09641121076708693
-0.2532000429797569
0.09603882964033526
0.020744721201600962
-0.05928176211963718
0.09185522455261172
-0.032684528946932655
-0.0593079211220066
0.03035875118841249
-0.19548714105320267
0.13572157424223064
0.18401822490321115
-0.005806886728006085
0.016266899606210132
0.07599251414843508
0.1259348924610023
-0.005624951647697236
-0.03485446627410888
-0.19280602195901508
-0.04864307227633918
-0.21411972070871924
0.03450425311599258
0.2776109496785243
0.12246456306200926
0.10571169625803409
-0.10882153050904911
0.04842218629878575
0.003224991192454436
-0.10870784142483571
-0.0684112425309548
0.046433175823481915
0.026476045939001137
0.16276311643253555
-0.06903615358663043
0.28477916020121924
0.1629154127367347
-0.14622626202207917
0.16591725726551013
0.07487025803761957
-0.13430104116868974
-0.001756614747150569
0.03382904833327027
0.1460076421539638
-0.08226497707416318
-0.068293608009829
0.1048851385180272
0.464487146016444
0.25193978147364715
-0.05798784673541734
0.18529827190538645
0.13109536927442478
0.005038529272592579
-0.030793618005069044
-0.054351606903640916
0.08719690557875168
-0.04696606270760754
-0.04069110736476818
0.10022302144306798
0.06874774613807962
-0.17985890121177076
-0.24785351984017642
0.0805253790187994
-0.030761513059831613
-0.13147817679764442
0.04181710046403332
0.22168024356210955
0.20501241789587307
-0.15732569241648245
-0.06800087384315809
0.17855065482938687
0.09179316350221849
0.21368737351276573
0.1612233315584102
-0.1859295686756768
-0.039674760804946155
0.24357170919995919
-0.018675923514788462
-0.010058196900437192
-0.04667190271420576
-0.10957049599291718
0.2560901804057313
-0.2698022436534111
0.18850601078399032
0.008311994181570633
-0.19028526216796968
0.1701308079135683
0.011001976600964433
0.13718054254938275
0.09146905088089848
0.2198774181385145
0.11808270254482947
-0.28231147210523366
-0.056091187518882216
0.09455288005391735
0.1434623978696595
0.010762041655768892
0.10706129739195189
0.012577731909160903
-0.0034971760976056816
0.12584040001565297
0.1575820813477248
0.0029278863995118413
-0.2526943805807637
-0.07687809822508528
0.08838418123651337
-0.04484388957789511
-0.09940614559608979
-0.2069139342995836
-0.12556609970460408
-0.21930150231445691
0.00846845898969667
-0.27652495173221864
-0.06663557661293147
-0.011678280040018947
0.15494331017210178
-0.12834647078760872
0.21367217199217609
0.14614318298777315
0.14284066843583965
-0.06481009395709163
-0.05009601272920734
0.07400404675408552
0.04797118058933774
0.03292322271022336
0.16452954852572763
-0.0027438732894790865
-0.18033344840755586
-0.20084746844038368
0.04598933330683419
0.17433459259403827
0.14870005185989407
-0.0302506634314087
0.20777070951353732
-0.241325259302217
0.11498316948067076
0.10204902391726596
-0.14610086107008563
0.06682604589013333
-0.00803836901656588
-0.1298578454017741
0.2036070199685893
-0.12749307065309645
0.20211653048486702
0.08283912578367418
0.21356664692570318
0.16685728912932013
0.23984974843476237
0.23423288956417251
0.1316444326766293
0.0626591453752869
-0.2536526627496475
-0.21192960926062177
0.04428368334733142
-0.11999329533994131
0.33558084402959687
0.07759170805346026
0.2541829404373085
0.058576751216278415
0.32992414158398936
0.336630734429035
0.013535903081347856
0.13922688990177598
-0.2029295681336072
-0.29549117336374287
0.06453632492548737
-0.0807476812273007
