0.2991533691649852
-0.08669348145566597
0.027936743667635364
0.4808410188653227
0.08490772954274917
0.30746995602780164
0.2687931190756391
-0.12762511072809996
-0.020143851528831743
0.19381326575817684
-0.19625605579113017
-0.10694122411337086
0.2640088895533509
-0.21696407345323188
-0.042085339887872254
0.34844294980283064
-0.13224769659981642
0.1020050201290053
0.2711148384012935
-0.22088454367926727
-0.055643573760906284
0.281121384648722
-0.2058601728254142
0.008882234466485357
0.3555340923550241
-0.13842314086277938
0.07146898803544485
0.22170179289394407
-0.28330700754754873
-0.14678190370517702
0.3049306730370997
-0.20172641718363538
-0.020883185508472225
0.3226024612405521
-0.17505674564363874
0.05129248785151444
0.6553672434925057
0.2392821668526285
0.5199910661912545
0.4319221062164282
0.006317230035593752
0.14340892837093588
0.5066940099134774
0.08508113089967884
0.30458175659018655
0.4435442164336046
0.026529811524771737
0.23161936268526667
-0.4174722560976748
0.01182572962013519
-0.2134238575818981
-0.36714410320440005
0.07111467967874334
-0.1307883980554659
-0.4408733894945078
-0.006065037699906225
-0.3162161346115249
0.03279548323002716
0.45256890590716237
0.3739354294000941
-0.5414722307316997
-0.022375995936035023
-0.304083893532655
-0.5133707651022951
0.00804296631704563
-0.27727495808123814
-0.5156916842587063
0.0009920711263555003
-0.3727724242698913
-0.02115976029532387
0.48541952666541105
0.34994279765435815
-0.3020709647228276
0.22879077584011143
-0.0025388888136678774
-0.39397984411632875
0.145598919520091
-0.1566745184164776
-0.41611292004743905
0.12389082841022261
-0.22284355469837835
-0.18234852114825695
0.34072246409955653
0.10508753249557025
-0.006156221541829773
0.45978773528904937
0.34598804015838897
-0.17645734310777197
0.28780318923520676
0.08009436963048323
-0.4163164248359314
0.0616337335793802
-0.26726802688929746
-0.4537759143153951
0.0141431432822005
-0.3274257004715225
-0.22639798759395924
-0.31993568561719954
-0.50291404100504
-0.06703331118855958
-0.1751893961786289
-0.3028926951443806
0.40843454320881967
0.2957194272420497
0.38788155802805657
0.2932911157090868
0.17658299719142026
0.19787563815313855
0.0769741609782219
-0.03181027991281897
-0.12296315369926426
0.14568831369937751
0.04166553042750886
-0.020811346380146298
0.4613553450814546
0.33248772981833985
0.4452892861314753
0.3538015892303434
0.23430052314096514
0.2619853079691906
-0.06593793154980876
-0.18734726627772716
-0.2108519826012302
-0.3359901239844514
-0.4504350039384119
-0.5886744826712061
-0.2412493464246232
-0.35991721109026487
-0.45335213065955665
-0.07950519094291243
-0.2068998249142406
-0.2333674745211479
0.2159542228340708
0.11182321484633624
0.17437143086229465
-0.1563929782904505
-0.2620094937199124
-0.4023230745972742
-0.08953759853942218
-0.1941576642712775
-0.2695047006224474
0.19360517140485334
0.07849301956401378
0.11754670551289736
-0.42206979191404614
-0.2538088475790191
-0.11267143653642875
-0.2805761537872943
-0.11453967524023465
0.08928441168161794
-0.01567749745161589
0.1484725740737469
0.5031172146081347
-0.35181497111083226
-0.1875946766427973
-0.06016271834310372
-0.4693477764711933
-0.2716593018292442
-0.14208875324676187
-0.35509153646143204
-0.15363774552605186
0.049470530704474366
-0.2603138240645839
-0.05807327570295971
0.19758663617343816
-0.6205418725705282
-0.4209797450505715
-0.4040234946245207
-0.31623656735414246
-0.09623662766165587
0.10114048218885759
-0.33631171933312193
-0.10690287170512026
0.11813682592987254
-0.46723475196657743
-0.24316336593619978
-0.10601866355008964
-0.6013881385497306
-0.3848375436786272
-0.37272359741599986
-0.2753164859968425
-0.07194958273919516
0.1433372609726794
-0.3796957854559735
-0.1769498932058476
0.00977282690358764
-0.48284518286342176
-0.28205153786305853
-0.18804299413944464
-0.41279479391679486
-0.21475005890834056
-0.1306682657739537
0.17236765852249575
0.37038728296478574
0.45642189004127376
-0.22304701190364618
-0.01907858988035238
-0.19500657205114794
0.0390805081031439
0.2434008784671024
0.23351956413220962
-0.11345198117665424
0.08993557476887137
-0.011799312564635157
0.2902160022552453
0.5401122054660643
0.6246915374645257
-0.17310707701016412
0.0805191298053191
-0.12452071103920415
-0.06666164160391103
0.19918038952205652
0.11051570211470986
-0.21936198778315777
0.042081467228340344
-0.1466732315351681
0.3818194236611479
0.6608335082046667
0.7615132661827745
-0.017007581219430506
0.2761974361346375
0.13491828436721712
-0.032789367125160604
0.2576444947906985
0.13730971757971702
0.05270664062343926
0.34004637033817636
0.26238581067124933
-0.07338374917365173
0.16212612957034836
0.11988387675988728
-0.3755075184077178
-0.11990630884310612
-0.3270496414659445
-0.2577473715554913
-0.011311333945841516
-0.16043900210162726
0.06367204442103196
0.3035574412058599
0.3050277039319351
-0.05761284665258467
-0.10815751895629433
0.12930906613521884
-0.022779571862714253
-0.07459246672834038
0.22288222576446773
-0.4704805585820664
-0.5074707938238854
-0.4402999140544167
-0.3302099708647143
-0.3727125104489608
-0.22254922075440534
0.11063845224203288
0.05494220751068766
0.3315299377864304
0.2490324437451862
0.1963355499246671
0.5949530642581687
-0.2555350256980565
-0.29623322839123983
-0.1661759268142853
-0.0656435147126632
-0.10830925679360982
0.14312413389506834
-0.39968363344420665
-0.4854193831686364
-0.3207676958773228
-0.05541661599671737
-0.14308605270306946
0.23523727976060746
-0.4091706515023317
-0.48682881785497095
-0.3476678989377957
-0.10593175427103084
-0.1837897256974177
0.15793039286690783
-0.5106499314090626
-0.6084382049060146
-0.4925313072589988
-0.05882069996945464
-0.15716637469610195
0.19024881592525766
-0.16401505645638817
-0.26545225032041214
-0.023911264056839857
0.16602141612906204
0.05994331855138921
0.5028942395447781
0.4902385453070448
0.6358727735944328
0.5880823004157798
0.2979958092163028
0.4534254022864785
0.32959815670092923
0.08514283105044193
0.24731177751816216
0.007866585433428563
0.33925385273776837
0.5004092891201519
0.4129249647678605
0.22751460849233085
0.38913958072836763
0.2987019491384922
0.09081463603332848
0.25958526183656355
0.11019972765164557
0.00038377026564329324
0.168805647978535
-0.02904997348186406
0.21351692456651136
0.38434010750921827
0.30342307624756476
-0.24066177431690564
-0.09402520559850447
-0.33135198813233063
-0.19618077687655522
-0.049194082358391934
-0.2633369086737235
-0.1469421452888052
0.007269984807819617
-0.1765213658586643
-0.13254332343619185
0.012857205170971312
-0.18010976029456804
0.15994173265819756
0.29764539417310915
0.11281344536069475
0.40724749460540244
0.528929686422577
0.4612352152404074
0.39147693759553265
0.5227185050780156
0.44455972073412015
0.14711766835198456
0.28346349913983754
0.08638477560835346
0.07678114511849998
-0.21200214544206453
-0.045662729445668536
-0.3059859071606165
-0.6033256843144904
-0.6330444182073074
0.09859438955608513
-0.1952513631516093
0.0049261353627753305
0.5282788053061982
0.22368690159294685
0.6396281810379215
-0.048082254298557996
-0.39995751534061236
-0.2506960288904528
-0.26537556527156947
-0.629416402677719
-0.5786732468116009
-0.13207533536830257
-0.4801747980449009
-0.3183994666880763
0.11062213957160126
-0.25312420518914713
0.029285891072511058
0.24120967745492997
-0.0895967000307874
0.07760027335580069
0.35652788723062245
0.024795252837915168
0.3102130506896499
0.009314280768343374
-0.31704375578094357
-0.15424497717770683
0.006577890972881784
-0.3118382662416549
-0.16178649128393432
0.1885406298782823
-0.06857598591412938
0.07297001388726346
0.43812507544086865
0.17318899672194457
0.51741575929285
-0.12887673430251007
-0.38271111740868324
-0.3187016508139111
-0.19128762382026512
-0.4449980975522305
-0.3541629432529733
0.038737718433413316
0.1350173922168522
-0.08270954017706758
0.005929503798409939
0.09433129902421522
-0.15261872908842686
0.16920105896688256
0.2618285851768007
0.07588016736236752
0.20130302735945782
0.2838838332728128
0.09408552886204669
0.3649402891300538
0.47367205489984854
0.3346415478387097
0.36109253372021316
0.47242202512385745
0.33913196518400773
0.2988069519546534
0.40099628066016757
0.24617783187362788
0.22139301886096954
0.327573483417151
0.10268364619886662
0.09926526408045443
0.19458454251387258
0.062169363758614135
0.025625862442831975
0.13076622930986845
0.006785778522486796
-0.32646414506346805
-0.21926232505958537
-0.5428945244911633
-0.3214291783570933
-0.22359817782815636
-0.560942072088638
0.3073751649290119
0.38916604177438197
0.3252387295482277
0.2525284898952685
0.32702634107020456
0.2469036083764429
-0.12820535681119172
-0.04894496294881372
-0.34055478619664803
-0.08006986993686446
-0.005864509751636701
-0.26198388593338817
0.2548112002524351
-0.05418691177937615
0.277607872647728
0.13848819105076401
-0.17464723573022675
0.09606082977492898
-0.07502987736901642
-0.3847626845143322
-0.22884238154126763
0.05422819690361337
-0.25228439733757957
0.002087841027608676
0.19750160587963297
-0.1643218047156612
0.175747504286555
-0.000742837322306546
-0.3638457733987238
-0.12666260255381553
-0.16014956459986504
-0.5206490979416774
-0.376202107874714
0.032111208295620294
-0.32843814525260395
-0.03781226408290597
0.20007408049598485
-0.16447881394503028
0.17348865210964093
-0.052287358807726295
-0.42494834403340026
-0.22925238719714017
-0.13595220435204952
-0.5052514560323829
-0.33593476142245476
0.008828831024472373
-0.352090730279735
-0.062386295112643424
0.1317413240368036
-0.1815704797653053
0.11668899850035412
-0.12099507359770491
-0.43534229935764723
-0.2830015430935735
-0.2156683942700626
-0.5278723260420113
-0.386181591710198
-0.15227028727923206
-0.4664167303973422
-0.25306296753539453
-0.17839940467264584
0.05659932091645205
-0.07150574681020097
-0.25678229531083235
-0.014102348326114802
-0.1670239614728164
-0.3939229706098928
-0.1497237230514538
-0.3722683645368223
-0.4007919387639409
-0.1578747565214419
-0.3988128551374247
-0.29313548058263017
-0.028266397011662697
-0.159743290838375
-0.3536483809472937
-0.08551377340351114
-0.24273999789799142
-0.40468728132224663
-0.1373870622297623
-0.33101024354965364
-0.4513732188330456
-0.18520569310470908
-0.4221097008167413
-0.41152432595338967
-0.1531010952199497
-0.3264696785887438
-0.4174219397323574
-0.1557012803477481
-0.33791997453137657
-0.3715613131351447
-0.10697465611300946
-0.27914439081678827
-0.5272399463431303
-0.2713509792716406
-0.5557431563304001
-0.04326745944322059
0.18993362027536909
0.09542040269068643
0.0458910413201541
0.2712317814579769
0.21393201264988557
0.05049671637947095
0.2811704291093356
0.20811738022694592
-0.22260863347368148
0.014585236644867427
-0.21515063346024155
-0.3595976745301752
-0.4505922052747348
-0.16144561338534577
-0.4826299180636601
-0.573410224387178
-0.36213193301966456
-0.37017991366970415
-0.4680923333484362
-0.22545648142258318
-0.17716655406158882
-0.2714432390997481
0.0935670518156647
-0.04729765934313869
-0.13897448374949822
0.2232478872775662
-0.20399174072420556
-0.2926531522561108
-0.05809693598230274
0.11855610990857847
0.007042480301196644
0.4084995381172758
0.21502553977642475
0.12288496226846925
0.5661437796862245
-0.19268234392822914
-0.32645941161641734
0.03227502276933986
-0.4722734824848441
-0.6020804616683598
-0.4330168741375398
-0.06374635660666043
-0.19114794390988485
0.23010884302037693
-0.2858334244258581
-0.40980711925278285
-0.11463508169754166
0.08387900631027927
-0.058205707369959184
0.3942565980774652
-0.1757615960274444
-0.31351797193944925
-0.025063195574279648
-0.009376715521823616
-0.1459976877354816
0.3063685141262875
-0.4695419171882401
-0.5957436755517245
-0.3878775638960702
