-0.18663812928579546
0.15726442686421818
0.05758514245118676
-0.23129772467322496
0.06735692857565834
-0.11479785888550094
-0.028241376515984892
0.10614823562869503
0.1736776200412661
-0.05326318074235815
0.09560584266066696
0.16737263226025692
0.005754632465152055
-0.07087759293134245
0.031443472850177484
-0.2753569277323699
-0.3650923475842554
-0.4931526716505425
-0.034388891264231156
-0.06448425557509527
-0.3271826267396748
-0.2865113396685487
-0.3219998788579736
-0.41704468037807063
0.006597530914907768
-0.23084729406745194
-0.32007306892669907
0.20220712514582032
0.2341397460487785
0.12756897008044388
0.38207115639181527
-0.027420963567041764
0.19481132329021789
0.05850763741826361
-0.1449923636335336
0.18415341523128428
-0.1314165627841026
0.1726740810616207
0.02928758989726031
-0.3143918532684793
-0.18777608247430225
-0.16250755332138794
-0.20394771461936131
-0.22062808571096498
-0.09497885016762073
0.07572919789486993
0.1452470216846017
0.06615420910075563
-0.3114735966358764
-0.2632338834773522
0.03530360474180237
-0.0031788370246002666
0.1930500409130744
-0.22949844615677956
-0.20291250618147677
-0.39232480696739924
-0.11506322426252408
-0.12479782967223442
0.3128689140648724
0.39955112387365904
-0.11170518616681284
-0.1280323711933462
0.026852311254217557
0.2042741837575842
0.4542341003040321
-0.07722137974914417
0.10133502466275232
-0.04502312846407348
-0.05234061437274316
0.17722050216896817
-0.06424107596145677
-0.0678773444521474
-0.226295193112049
-0.04663634264417011
0.16553882456786947
0.5018824180828645
0.5033082747312351
0.3212634561507606
-0.3402994438421268
0.2202935594775772
-0.1389760147056906
-0.15603620954854516
-0.1873763194318132
0.16865482728070783
-0.236882877388949
0.2596473897124434
-0.2584544623438207
-0.026097922183419688
0.12324645320366527
-0.10015948373054114
-0.19607192375024599
-0.2234914359507525
0.13348407587373387
-0.07714495128717326
0.09237897546268428
-0.26732155547625364
0.09485406965646585
0.10961143464233081
0.15895892320882854
0.13162087812661202
-0.11148167190513711
-0.06213237382093432
0.3013869999170737
0.0794917894933522
0.07054448872670857
0.20365365324207782
-0.20358780774572252
-0.1168407306251125
-0.22697426738041893
-0.16453499151619438
-0.18231290721334717
0.033887694553327144
0.03377761592428309
-0.3019470390109122
0.23571813218440935
0.3853698767624008
0.15556222438612002
0.1387464037658579
0.20639489058316016
-0.06705355686576099
0.2840301596671352
0.18916942428355546
0.17769224518228788
0.07782212287700475
0.24574400858663842
-0.14282022839428468
0.01935616726999143
-0.0612542153632707
0.04637684733232351
0.0768122365448846
0.1459421644215919
0.07371003444882886
0.2503459414175465
0.21020134120280826
0.26053383729181795
0.43570620427827467
0.26440527842895817
0.2277321709321207
0.18566437884710849
-0.07387801767280651
-0.12348361629868321
0.07505867159064228
-0.11513581726498773
-0.2435569145686122
0.2220236022281222
0.25450919620288115
0.06901030305027078
0.1674893085313409
0.36030541665877175
0.2523986252965269
-0.2947977507647307
-0.11054544837070732
-0.08425831754747491
-0.3102990671399917
0.10884130262190468
0.2576056979742708
-0.37237550152364807
-0.12788012821757755
-0.3122733958895039
-0.28669180536851424
-0.02998816684886047
0.12789515231906712
-0.10777123358506872
-0.022795925277954775
-0.08333818845471692
-0.27630399047493226
-0.14796140044173653
0.10887577845830426
-0.05393827710397687
0.23037857936811404
0.11852600696475643
-0.10583102715089429
-0.01731156676907791
0.028318641564105337
0.18345573686460542
0.27848634619582396
0.15015595417288494
0.04994770170649452
-0.07977377716220468
0.0555186548548367
0.15652043917349562
0.08257434169609984
-0.06288499495629188
0.006524527961808644
-0.09381382856706237
-0.05116813092049873
-0.11176900793676227
-0.23111225327969895
-0.29199249765727875
-0.087256086831598
-0.21760679411161596
-0.33473359608586295
0.44925681334506595
0.22855121986118593
0.22421590046027245
-0.0019072013972755274
-0.09816832905835786
-0.3919450308270758
-0.14345743753779816
-0.17847492662927644
0.004508606869076711
-0.22133906686108734
-0.21171513464475195
-0.1893372915349501
0.1603962050099824
-0.04228858585557289
-0.25158731909436616
0.08620703152034548
0.09462574856531766
-0.3141142778927109
0.029841593403322896
0.1430012317302251
0.2668963480924889
0.031665782032869995
0.061295053398000905
-0.004533708177881005
0.13963722852294505
0.13358039576497496
0.097039185388023
-0.23571470368717684
-0.08274932359471678
-0.25245810872841384
-0.1737389392580844
-0.007143510674894085
0.02163144891150017
-0.21830107347655736
-0.19332288055890656
-0.08278184853507232
0.031089736460756436
0.04954364243185279
-0.22060421139019698
-0.09600336014349406
-0.16951333282523423
-0.12381141780115544
-0.17631718010204225
-0.3125945374413062
0.0641946541649317
0.2754832542355228
0.14272187342899545
0.004419890110159051
0.16958358096597537
-0.15726085680272173
-0.40219956163454945
0.2388990841340501
-0.06976635964336902
-0.14178182604045708
0.33208637379523065
0.15829123512455698
0.19954089412751416
0.23131191706842855
0.07234147943882056
0.1466422758681152
0.001807360544426006
-0.06842833633860888
-0.0648554186891602
-0.13803541126352215
-0.1978902266713407
-0.16457914079403524
-0.20013131984738736
-0.32707436015618796
0.14463025287824943
-0.07825796745206946
-0.17804656401662977
0.19456365715676527
0.015602168451292819
0.11884186994081146
0.2591543429429178
-0.26043505962733915
-0.38621425516358265
-0.2704351933618822
-0.32253763840138333
0.012735101061521004
0.16584284596380988
-0.17441584319647768
-0.04961863173866677
0.017065576126771162
-0.004458608310128064
-0.1629917313429126
-0.3533804923253069
0.21710716936373115
0.16640672160583256
-0.06525466041154931
-0.031883777750207815
0.04010808901565286
-0.14742138264022422
-0.3304544086380724
-0.291201153617456
-0.27358526391120086
-0.07193202668754117
-0.047073367236567173
0.18546330410168654
-0.002976241220141098
-0.007768880425596275
0.08544708960000823
0.11691626134781105
0.06361244617221722
-0.13649780487354984
0.31890184837741725
0.22844608184042642
-0.036521999269733825
-0.12060443537515853
-0.2661212891825358
-0.00268598274297013
-0.014848421429862988
-0.11519983893003381
0.05975395265708247
0.16285459263445037
0.1274368302010567
-0.135907670371073
0.11467243959289952
0.16825388887969847
-0.2519630348923705
-0.03889067204027496
-0.18236898553533337
0.18375260069070676
-0.2931988559908609
-0.3368564790887271
-0.08688799664945698
0.02086506350622695
-0.26594057730868337
-0.31961814623755364
0.19169377279085478
0.09318621700996921
0.07371033407943436
-0.16497852023407533
-0.42209498462279743
-0.006026595530628784
-0.14547382733631412
-0.2464783858598119
0.20599411257489128
-0.14609991499476752
-0.3865029100982667
-0.2973460027618716
0.23923247496797567
-0.021062070709036172
-0.0695057305271792
0.24393739126014077
0.06103329357754998
-0.18881947795455936
0.164597897936687
0.235912650510514
0.08018748844563497
0.03482314689450575
0.3678031296674744
0.23290167456837546
0.07166653955742898
0.29160747849326946
-0.34360400560203447
0.3942498221494753
0.2999132685729354
-0.16904822761038452
0.4437584158523078
0.35984493222344305
0.23626895564908743
-0.18924603837368723
-0.28359670948410204
0.12928162384403602
0.20211978355352858
-0.0772641257594779
-0.2090715552699408
0.1458749575099797
0.1047299312862287
0.11412507037011796
0.2971633927858903
-0.04491967725867957
0.2967559855243758
-0.051642044276122186
0.2953151194550167
0.051473318873988254
0.43854301112939675
0.35914949484914127
-0.005913031798443514
-0.03475405395538673
-0.153340319827966
-0.2309044448327695
0.05535772498180267
-0.037597760618581645
-0.16500270382674279
-0.27282328969449565
0.04098463337821381
-0.2225210477721124
-0.0372829773520405
0.08896569466838077
0.15261739866755478
0.09272647778381393
0.062215640333399685
-0.22836963934182095
0.1708471128515089
0.10482011618491346
0.014439375950607757
0.02433080208354694
-0.046388788661771645
0.10837396328497231
-0.014432582139924134
-0.058739018130625494
0.02625946630713648
-0.08102043411520046
0.0290601513635667
-0.1946281655963805
0.2102482929206734
0.1174383196372286
0.045970857047069616
0.3008728226213706
0.11746788442780808
-0.06827869029653905
0.1237658293678049
-0.2630954336217813
-0.2074055507370578
-0.19781381413865373
-0.12030722678225725
-0.3514811335822388
-0.08664334856500416
-0.02028659457660393
-0.3590889001349542
-0.1671332671508038
-0.20871849886952618
-0.4790762968246362
0.1832948211336718
-0.1442072278578854
-0.14637609142607516
-0.12411951244512082
0.29182940725233797
-0.03715451700143788
0.16457429869378956
0.18433191599371376
-0.031876437368589104
0.0119672787969298
0.1295943362440233
-0.16501208222052582
0.05244205611359719
0.17045907111843564
-0.07193173850997144
-0.00908159163239802
0.22836620199891855
0.2839636442361154
-0.12421335702729268
-0.022710239561657755
-0.042569582853120895
-0.16937269179891523
-0.008683709729429388
-0.3263548979745494
0.2704465525300444
0.2096992235036764
-0.04051445131700578
-0.25195131484865657
-0.2510156466399433
0.049056974964474996
-0.024474605628724878
-0.02105786791859302
0.013097197204848261
-0.38341308178941474
-0.22236903146214212
-0.0630033943040083
-0.2542022061971065
-0.12454040495320481
-0.2712793712003116
-0.15403942627622388
-0.2578595156680742
-0.027304896478414064
-0.05364766456451341
0.009803118261917139
0.04954785534037555
-0.20232611402754186
-0.07131666178300658
0.16774866254817308
-0.14379941728192314
0.13100492763710694
0.0715458874922672
-0.04550001252746491
0.1218749932940181
-0.05363340151941722
0.26442485677221295
0.4504876045064179
0.17364618763191234
0.14723659123503496
0.32801876256284224
0.04524877924435932
-0.013282848331218447
0.20227474191438297
-0.06645497760138355
0.09542249123205324
-0.019918168164101382
-0.03440590027666451
-0.05620957767572988
-0.2506674714422241
-0.23082947304724968
-0.07788875993972255
-0.3267058391894464
-0.43479904312699424
0.1472174172748786
-0.17233379469832844
-0.16106275541988935
0.18151129153415785
-0.04925401182803522
0.2622040508868872
0.24832499153183318
-0.10283536601574542
0.23138577126689333
0.19541455471723
-0.13453565122274364
-0.23247538258332626
0.07141678074471397
-0.26009226483436454
-0.1673161247002866
0.12486516433162614
-0.020206841494245127
0.09711655771100042
0.16991003933750745
0.13427744098435931
0.1258833176121652
0.24005485408896232
-0.07250692585564437
-0.05817295850651147
0.11888163016931523
-0.05274446748879833
-0.04483715025749248
-0.016854826821171367
0.2550508299183596
0.11090623850595818
-0.1290532007449912
0.0685174564011456
-0.2297098599569052
0.08192113311434564
0.22913415484811006
-0.15826087762637492
-0.12569311177644
0.048593905310559106
-0.33618792671791675
0.026964181355327094
0.0773151009389156
0.22006373806073484
-0.16075158985764265
-0.059656127550908454
-0.1803579900563281
-0.12251949919087105
-0.07476224956683804
0.18558969078734192
-0.23739568395469032
-0.042501439253203724
0.07854944894785719
-0.03626462955755886
0.0033920121937451317
0.35975033039622906
-0.03655631347963811
0.010560279652815103
0.08042487991904826
-0.06982031456588048
-0.1825107459005086
0.03420352240315071
0.12212008001490007
-0.16399191371470728
0.2375985212198463
-0.21060015945392105
-0.4480281746542351
-0.0980236745547644
0.2003721050355038
-0.08327508209468507
0.04686379694124809
0.09041179139686954
-0.05940741205714387
0.1401611707963025
0.31883591817236817
-0.164712180554029
0.3462277812953755
0.1958121626756051
0.057526782139264696
-0.010831498602338075
0.33535676705151923
-0.10472511827361712
-0.15706508884900286
0.2825762599417906
-0.1747459305897277
-0.017880386928516536
0.21307126421161218
-0.16297960111870705
-0.15483785156673746
-0.24455921150759707
-0.14076021438164857
0.12398030982215263
-0.2667325763706898
-0.002189909360579073
0.012549657618355164
-0.27683053305945504
-0.0035984631105877092
-0.007706502785782757
-0.2324465991409112
0.1243699951505339
-0.144620694941592
0.16326158105444633
0.21488554267698556
0.19932406773031672
-0.2486684773226955
-0.03764987960755712
-0.2878644095021854
-0.29781876434452975
-0.12670700535973925
-0.018075844698164496
0.08087236437642474
0.28275335493853765
0.03961275555234533
-0.013100847321395104
0.15043427116425312
0.01866501063131961
-0.10026030672076719
-0.09319101430236197
-0.2104457362727474
-0.08123977905393386
0.27876049464574787
-0.12751338813288862
0.08054614427046504
0.31152491259130954
-0.13582238602065866
0.22461223556033166
0.21080014689126697
0.12183853861643434
0.08205854981332114
0.21787739279506949
0.09139689364816173
-0.22745200442996072
-0.04909717501839393
-0.28473066433409644
0.007732127143706032
0.1146045311525439
-0.19086954776360296
-0.35295202567688794
-0.3968306380818887
-0.2818623278890947
0.05634343803256491
-0.11816758333585589
0.044142373473075355
-0.03271373689405379
-0.21276527732800363
-0.17911958189916222
-0.1071953113676159
-0.32301092289411054
-0.24475040281665772
-0.03450818947049996
-0.15820266958212525
0.05113200785525102
0.14195301513838024
0.14561597349855399
0.024542704693308635
-0.2459673325833192
-0.15944045182541514
0.07287261977994175
-0.27478662784353575
-0.15748773207814282
-0.23561454670009654
0.026205583870834485
-0.2199915411253095
-0.11188937031870241
0.17011359532928813
0.019984062692383054
0.029345408363956937
-0.16408255098089514
-0.11052487781239005
0.18284018814968525
-0.3380063292070646
-0.20540736265432935
-0.1563814129505308
0.18771240430503944
-0.13295676206367515
-0.11572347817685981
0.35751808016341996
0.08737520986119512
0.06282394121500523
-0.020037054733849213
-0.3624211252788791
-0.26087906800435046
0.06337413328939576
-0.20251566371071067
-0.06154715572594125
0.027374489694215038
-0.2962070535801767
0.3943156693264946
-0.09022505673136862
-0.3835396301875139
0.14568445923447204
0.15688003135302375
-0.14801691237638936
-0.008519598935245652
0.24639663161915704
-0.1935010735546436
-0.06514802245363853
0.12354255223866925
-0.4454885765032398
-0.22934317047751113
0.09267321284317108
-0.2606444706661753
0.09678982560599486
-0.07518604885743184
-0.21766209048757842
0.09822902067795873
0.05942730349539184
0.2008972068070514
0.09308909199478835
-0.05273934686665205
-0.19848062390686994
-0.5442578824308626
0.16638737211376492
0.12400801647236169
0.21287410188168088
0.23608917718584183
0.1081838483475561
-0.02014346911699052
-0.05135958747945486
0.3797730247139128
-0.16084798335754508
0.06583493321576553
-0.09375924695806373
-0.18620500363377934
-0.25055822348620677
0.13919185443852958
-0.07080081517138992
-0.08597734565576172
0.16374757233122028
-0.2005863127344022
0.05361930648210179
0.23223935533860623
-0.0935937888190197
0.040800723381011275
0.07581313472345039
0.3511666482996465
0.0876712084979072
-0.0023014607909629162
0.19185794368283196
0.10084185218669717
-0.004200926967261395
0.12057259106849777
0.04601294238906548
-0.09193099133267751
0.03634625830093608
0.19065907687483577
0.3119584744344387
0.41398514575789647
0.2199404246924746
0.2520027448811324
0.08205794011254125
0.22633316841592327
0.25277768699847375
0.3730407335287779
-0.07985373849205787
-0.12278352929478213
-0.24364743578226747
-0.05199905126154638
-0.06624896839524205
-0.0404526929277731
0.0020370196522946533
-0.030403881208607257
-0.19212340994202037
-0.1317048286418478
-0.006455585998907232
0.11567980067834964
-0.1931997649975815
-0.1310145624516858
-0.2239412182669013
-0.1148150590015042
-0.06513061104439548
0.09996665448944037
-0.02781044468577004
-0.09601069253653809
-0.13479419145713567
-0.15340432531326426
-0.12730876719771808
-0.10076387160703563
-0.2895254393952235
-0.23883256922312066
-0.013272202276236595
-0.2089358182762214
-0.050920891486133574
0.09006019576864811
-0.20304276988787104
-0.22882746486273672
-0.11791851345524655
-0.03927505099478478
-0.05410205747953819
-0.2555788735253698
0.16680607048797783
0.05943173379831933
0.29968972817046735
-0.11638470513467339
0.13037364580670902
0.00824979188080422
-0.05861774278636818
0.14281658150735707
-0.0792026710829029
-0.04762137106486441
0.21255786081956585
0.0705298778676329
-0.24539157911216705
0.13344635398491064
-0.04881913708112735
0.24947982292923035
0.2376760372034776
-0.12995473025628282
0.06521682883261128
0.043307047819094516
-0.4212359727211155
0.1247193427762983
0.1169729330936929
0.07818499769826345
0.10823480582655581
0.36747508368795145
0.1059247439805398
0.29990989046376143
-0.09029200463594031
-0.051361519620419786
0.10355390510887756
-0.11009985609156804
-0.45438262196396795
0.30050234732181363
0.08469366489648412
-0.10955309716195101
0.11654635395247327
-0.07127235336173644
0.23312945053132458
-0.3500650813617238
0.08957022091035156
-0.062133431028533394
0.012578733753954456
0.40106986271920286
0.22370371600262942
0.0983679992714778
0.30872496036307184
-0.04977640681596284
-0.0680137485696567
0.22309618498641245
-0.11511054457876273
-0.03220305182505793
-0.26158408296898317
0.19394455117770312
-0.1410210647008767
-0.2704243308128976
0.026760143756891154
0.21524329476102236
0.07497812109027775
0.4059382182133436
-0.10516960538504827
0.06674948156421469
0.24136484086590732
0.27383925483104726
0.01605838779851055
0.1841909410945246
0.1442373636190613
-0.08678228140424879
0.03980706124233189
-0.0457863619100349
-0.2852970309940387
-0.11314265708021765
-0.264943719390198
-0.12740410299201743
0.1447403069947183
0.1734018643428582
0.25943763351135496
-0.12837621203191682
-0.11965313251464771
0.2249625291497871
-0.20741518322469765
0.01859722097908274
0.16197581215142545
-0.15292015432978237
0.047736398236847645
0.2812005584610606
0.033045758427179474
-0.24755261063828995
0.004471737993961821
0.008964670171209123
-0.30127699600764896
-0.2535243713317862
0.058547179678016016
0.11782926390732597
0.2807734270476584
0.4924589186373055
0.054656098859609856
-0.2697514405584684
-0.04616201063736108
-0.006427631512615833
-0.12482741225718474
0.11610300039194146
0.17542514231062753
0.1649325799052838
0.4380305741734053
-0.24591610474331754
0.25192041059476283
0.06731728267456645
-0.3525956026724283
0.16108208885941513
-0.10270227675944571
0.17270212549484595
-0.004887485701489259
-0.07314797845105787
-0.3342977214815831
0.2250543028557828
0.02677631217193059
0.16042889876769445
-0.23065133129226267
0.1764466263091451
-0.10082507923109438
0.24369978591071123
0.2510641043139153
-0.10614582850286415
0.047403866025396084
-0.10352461207598757
-0.27689762703603404
-0.031005772282075406
-0.08634298227748215
0.21083596676052277
0.14518415974683463
0.2236542732090915
0.19823425459740043
0.17281415633042102
-0.3676206339481043
0.0671192064297989
0.1982092428193105
-0.025058649076280717
-0.18986147040814103
0.049787658506415644
-0.4605838867112399
0.20035325235002288
0.3951648213559491
0.09035898981285163
-0.05802413734509749
0.2577810642608374
-0.09607763185299384
-0.1422745752922849
0.1242970813928877
-0.0782921070940769
-0.09986050078091761
0.2812237215895112
0.16284449203002313
-0.13356806568881543
0.12929213173857335
-0.22566133951641323
-0.022904563494494667
0.25479270706970614
0.10769654798751718
-0.33256929194789325
-0.1988131671725998
-0.17416799079697648
0.02949490850711327
0.10783345809659141
0.2361400543150844
-0.013634425618791962
0.06155418589290337
-0.09915113928036406
-0.15917762078251568
-0.11756578164585572
-0.132161493278296
0.29640617453397505
0.048846796975592986
0.22143540735110628
-0.10380483922312984
-0.259754282122252
-0.26347943352047043
0.20197044163179742
-0.04507272258480154
0.07178099144653169
-0.009748468208339623
-0.20814616240431796
-0.25042089557517033
0.04757330389439434
0.24524111557998668
-0.013593915551881728
0.1813671189491888
0.056496734248164884
0.29523430361104724
0.020150457114865742
0.034013154686499375
0.08084350587467412
0.3342796192635997
-0.15746050491124386
0.12130903457822892
-0.027375432407773546
0.03341693073920288
0.22136124768676899
0.08659774499878989
0.022730007151182147
-0.11174021255795055
-0.32362803237581106
0.04295451801334037
-0.32203203784527984
0.18819285599184618
0.2919472908461091
0.26814592139313936
0.059120009175656456
-0.13221029794164355
-0.020484651951788526
-0.15465318230103375
0.34585331933430724
0.0344591772685864
-0.12355357429632825
-0.349271312578471
0.125794867778839
-0.22145473502306534
-0.1293978877609989
0.05924575685958903
-0.20650026035743474
0.2639093848732171
0.17183566068586878
-0.11950825511662728
-0.049587170699124945
-0.1965113582295828
-0.17173829601948523
-0.19522413739208802
-0.24876153461766265
0.28709380146836283
0.3279081407322945
0.17104276172597133
0.008185276936379382
0.06484011468157908
0.13291920172081187
0.14530765140992088
0.16871577950751082
0.10654949223720185
0.2725012536881784
0.12555374734079394
-0.011411657054353569
-0.2744430206597098
-0.17809984395343761
-0.04929833145567585
0.15892560759484706
0.20215093522122113
0.20848189851766907
-0.2329726574944164
-0.0501803861150778
-0.048283658104474936
-0.15804092782336496
-0.10317783521979111
-0.34995800496262747
-0.25979967506519674
0.14460209062996646
0.23015175778719468
0.19952290083288557
0.2955752676475242
-0.06925813623520112
0.1881752685888883
0.15041328583387412
-0.02109097104711616
-0.12315906389515893
-0.17955030540725175
-0.3948734050796745
-0.16065318747780186
0.10402739160779018
0.18198532627223163
0.11799817830157544
-0.2577929636024716
-0.473341179427068
0.12910809042885435
0.1473842488195237
0.04361641325477717
0.352603627231078
0.12126285317031467
0.17998089931903538
-0.13665764474072425
-0.2770403798758184
-0.1915781509755519
0.09126966384585597
0.20875671619735153
-0.1092424348602486
-0.26512255807810886
-0.27980225082727855
-0.34835123513011645
-0.06598330772040291
-0.011494098448707576
-0.18121649303693754
-0.1492579328213881
-0.1709886958799217
0.08805345980001292
-0.11907685714654416
0.3525231470079657
0.23706587817731717
-0.34229128938811537
-0.1479037699767043
0.11303347895083386
0.09516006732831535
0.26913302001414735
0.11859619035262768
-0.27431532216395355
0.016064361729920977
0.27387641162465814
-0.09799343668966416
0.316879654229776
-0.07367422324697234
-0.05569479125081014
0.2512434979629297
0.21961550965957533
-0.09050696865155752
-0.03139153208597417
-0.08044590641843886
-0.15340285128217956
0.06735362398799417
-0.03294975991281953
-0.2036025037470564
-0.10517320025819661
-0.21643072673380184
0.16411338938720477
0.34336997867762514
0.2983938678985602
-0.14866909783084034
0.09083260789251342
-0.4864993940466597
-0.20275726465946564
-0.013223256221545451
0.228039136552711
-0.08484809256884869
0.25065260448562204
-0.09783967323702546
-0.2158223650888194
-0.047529724711596076
-0.011645098601455293
-0.17442215365870228
0.2411864867677564
-0.006629665074761935
0.2242235199203169
0.12064025193309393
-0.18344679676056375
-0.06798366824562206
0.11150949549690854
0.05246501108511352
0.015032784963516876
-0.04893293885908047
-0.18189787129258894
0.08094977494563291
0.35731147814227393
0.0879531209472752
0.38856094653025725
0.381554937582046
0.04230008573933412
0.17352037445637966
-0.09543368268646149
0.015964012503946565
-0.02465611250640903
0.09118805021587396
-0.008745848630197213
0.35907796922255963
-0.015567434342816227
0.23154134221479217
0.15753726634107185
-0.09079182865958073
-0.4149802768236225
-0.4007634790804631
-0.3098697957298034
-0.3188191791104669
0.1321024390184742
-0.0914914924199766
-0.027190752046091612
0.24320224426131387
0.12837927993314097
-0.00045663720115187643
0.21354180771866146
0.03617422120305003
-0.2128558591284607
0.16021470627499013
0.34084234056812623
0.10788966451743702
-0.3955815370188037
-0.1419972128760529
-0.15020122936847283
-0.34927401280112613
0.10788323183595702
0.18547425706919005
0.1377204363072843
0.2749283719925012
0.43637969381104413
0.26023143534063625
0.12211234958632627
-0.10630097644190098
0.045995754710488654
-0.1919897118179232
-0.009292569746230708
-0.08767672083637591
-0.051826999933665144
0.04762170432635762
-0.017984220104178144
-0.06802513608892899
0.0630898173595457
0.536982198042047
0.20940897487247023
0.021437470080548693
0.1808754641833251
0.08821916367491371
0.22516612777396744
0.17375261697513592
-0.3427951128951301
-0.19270910078827558
0.006529137862780437
-0.30383135545783435
-0.363512434860109
0.16424393316688357
0.16120567493235896
0.11780219330768657
0.030231227085568843
-0.04926358892487459
0.16454625107534432
-0.09499928849036383
-0.05085934210379747
-0.029581853788890333
0.12467933736664537
0.06001875666783545
0.0964986089003223
-0.17140379704086267
0.27426936249463785
0.03436882319222701
-0.35381019844852396
-0.08034605926434564
0.05992966679451318
-0.4182791428839691
0.13329014933737726
0.025515794083410485
-0.16796297948599206
-0.12646324469191964
-0.2549127532093389
-0.27809038503258837
0.14906684804279127
-0.20925021331096952
0.006075317074593016
0.055804060657959814
-0.10035999215288147
-0.21098325361424558
0.04841592620338674
0.0778604439365544
0.11008025482596712
-0.0012379329272111416
0.040053489905297175
0.1338424111584092
-0.06395645367298185
-0.03126460040780303
0.11128895584938511
0.0685109125982029
-0.00747541354833237
-0.23673256293287184
-0.3562981067808993
-0.07985744636674749
0.2749281083963265
0.09762223177780614
0.11761137112623296
-0.264965754094544
-0.07181138715571316
0.21748141853724906
-0.1271989943398496
-0.3246192914382139
-0.3456994605645256
-0.29156640449503574
-0.08395701125118528
-0.17281921804843672
-0.5433870235437652
-0.41471024424832986
0.02613159575350361
-0.0662003920104292
0.03216717465884746
-0.24988082676499176
0.18007511150643313
0.2965776059707677
0.07412909954752388
-0.008337424119460448
0.02053164178563479
-0.22411889604559093
0.09575397992175412
0.15286484798811556
0.07981839962378565
0.4394395084804651
0.048690007283052214
-0.05357394959205823
0.28869097292866613
0.1462404180670048
-0.008983735412858365
0.08361051756396667
0.06838874201640802
0.17865685117606053
0.012877878513408375
0.22081308391362836
0.2093638708978272
0.1629352008320035
-0.15479878094005167
-0.3850698934181974
0.020149795104711144
-0.10475543144655165
-0.11753986237650514
0.16799685287414465
-0.013399775518647378
0.3253828711000063
-0.09840861227576018
0.05936625440370267
0.4249652802142906
0.27527188725253654
0.1520408259508062
-0.04387467747600974
0.029466536008345787
0.16293675823719653
0.2692631347716021
-0.22061722867889966
-0.2533814954457828
0.04949279683858599
-0.15025092122846206
-0.11630935107741244
-0.16584016687653608
