0.1306700736185978
0.16000521148745547
0.06713254183423065
-0.1908693728777657
0.12456722688578112
-0.2517650025494115
-0.21019769167535807
0.13834947210050802
0.2903069072391456
0.19977382437536972
-0.1801386665617602
0.19252485493002577
0.003113589765982098
0.014915309107644003
0.013689621457535574
-0.16655660413027476
-0.05961485469066701
0.15734782167009873
0.1806228080788472
0.1640700756659506
-0.02760546823348265
0.023197432575448578
-0.1487452372406645
-0.19119002358024553
-0.1210647746551003
-0.11479727668930076
-0.11309944157602185
0.10392529233035884
0.0404460181802018
0.1554161456725946
0.22434201762246458
-0.13811639125588246
-0.1432449525563504
0.02996497746396499
0.01875664608543817
0.10090552163623573
0.15138759921276004
-0.13458361279083675
0.0805268661411303
-0.0376307393631461
0.03652115124044525
-0.132428341954946
0.07290824400562564
0.17797928876008026
-0.08913037278001817
0.17847335057858518
-0.1359907423396317
-0.12815449007312316
0.2681976905868948
0.11943151243579443
-0.13928712260677575
-0.050012109546186415
0.08542995646319344
-0.013399516721836004
-0.012930674489925641
-0.03417992871293706
-0.25722636528555043
-0.17886985304547529
-0.047863300509605
0.044250594943393534
0.07242209918847153
-0.13421646836081752
0.13742327274578536
0.24810071592658103
-0.11417692408928602
0.07160841095229371
-0.06088419902026321
-0.0066575177748912405
0.01718377783303006
-0.1003094316541998
0.008189423941046402
-0.13440994436018472
-0.08211393701030781
0.16168071021943772
0.1757251128951229
-0.11858244338750096
-0.15719867387042852
-0.13572883851765274
-0.06593506241872968
-0.06616618320764299
-0.24552706998081542
0.2687525404714121
-0.055608513265288435
-0.1962305889266729
-0.1665605562642307
-0.0571517561240966
0.17717678814822022
0.19850540995833532
-0.17264063182578557
-0.15209714865055846
0.2059834527018736
0.23500584064042984
-0.07312474140170237
-0.033330902271698874
-0.11970504544216896
-0.07064880707639919
-0.015062617083038786
0.10641718172592222
0.18752359813742092
0.11066992670901593
-0.15530824157482642
-0.04575382425433088
0.22837045307608622
0.16272908667485442
0.010731933964795673
-0.020462054947222003
0.08741335824609482
0.062237588922223405
-0.009686583424362015
0.18214860764449917
0.14527350588469157
-0.03826236254160598
0.2339265315598696
0.049907787566154556
-0.03223381693197455
-0.08570452378225098
-0.1154058332942837
-0.30643064012670784
0.021595086148744173
0.0485172547170281
-0.20229790344321913
-0.015653001771511636
-0.12943355926486366
0.26669278574409894
-0.19230336138520346
0.04348728252790163
-0.1999432679462722
-0.1612969926020931
0.0707898648785363
0.004887515558636467
0.1461731259739701
0.07571405688124871
0.19439013920599538
-0.0718840900199994
-0.15452436072707115
-0.05286381216015189
-0.05752973030567448
-0.13815253657817714
-0.15666742234445502
0.23598851297511877
-0.09739516191421516
-0.22495122547469198
0.05743758499967393
-0.20468090683779078
0.16142215959151182
0.17747996686019402
0.006131432358058731
-0.12280516180434659
0.15005559696188933
-0.17954994421572334
-0.190834812394923
-0.16465594976655967
-0.15770539447216864
0.10074319831375256
-0.1402881686843138
-0.17250422529256831
-0.08252348432060234
-0.07427852055098742
-0.0011407838068275807
-0.007907120029263724
-0.0842957186799002
-0.0061193013352766916
0.05916476929327843
-0.16054186415276292
-0.05161209739340209
0.07955722323919796
-0.16191123345408748
0.16593670090352522
0.021193164995931952
-0.17689895035120487
-0.03728627488395952
-0.18864011139143133
-0.22669371574259436
-0.23043484714366924
-0.08785293615925636
-0.23512929490651896
0.11714265423580411
0.1150794659848988
0.1112630256727467
0.2232765791902513
0.1550975974684152
0.1652161601578776
-0.10540175275170748
0.06310668898475628
0.12275502100276746
-0.15356179693620733
-0.20887953918956553
0.03404530126260073
0.10816255190750618
0.22816549713750892
0.11419782886519629
0.22688177497975334
-0.09977681922596082
0.22940609457474365
-0.05418607324985915
0.12691126123366944
0.08878850851563709
0.039207474943607455
0.218262274387549
-0.0998951414134712
0.1093083196975358
-0.11112087878832436
-0.1800242395289556
-0.2185554399529262
-0.17708885512989897
-0.14648355631606835
-0.048288393191211886
-0.17287521451915264
0.1113752578731989
0.21667044971028335
0.21638125315919493
-0.054192937130083066
0.08450513784620146
-0.11753855167203463
0.2030117953148973
0.07994435278260521
-0.21954982671221612
0.16157200499983235
0.17438282111030887
0.07321346321713974
0.06408111881524403
0.1933981642845667
0.10992722878723707
0.0700747342907649
-0.11013291598469697
-0.2326621824728217
-0.23254838827194646
0.0811021141546298
0.17281686199573615
0.1513265994720732
0.04333962964955116
-0.13721316689425717
-0.09627472885490686
-0.21416225835189137
-0.15574899880351603
0.05703356821890038
-0.0655126228936465
-0.12734861240702347
0.10746194440188199
0.007589743176837252
-0.186010638495952
0.20647124525111718
-0.020627038072863955
-0.23005454003625916
0.21351499864989415
-0.13154535318634292
-0.20178101673634247
-0.21485552645044267
-0.01568317224437666
-0.18589076919570566
0.0434936232069591
0.08875880810688329
0.02385788397000473
0.230118090745903
-0.08229634166452991
-0.025184604372652165
-0.11014581767981284
0.12464194260031057
-0.1365455568409274
0.12908722134562498
0.14511617731097814
0.15513845615210506
0.12825772914657757
-0.09688985877351436
-0.22514635918450582
0.059785194514158965
0.12641226376748793
0.12468543691838872
-0.04235187561700504
-0.22987487929137815
-0.15420317786351154
-0.2084517996827572
0.06707011848352458
0.07036720726482429
0.19281883865124347
0.09984151883321118
-0.18336210654828414
0.10695760843380839
0.07621599910392547
-0.17361103593149385
-0.014500467810636143
0.2414829836788534
0.11628563513943856
-0.20520002045715913
-0.20476144511484923
-0.24675836726225225
0.04194175062052492
-0.05072587680993594
-0.22826017587417047
0.18510670753282443
0.09647893252177477
-0.009987075488778897
0.047692150061447225
0.12065684914462013
-0.06138096352872933
0.021074201901939035
0.22964831672526959
0.16355626010593938
-0.17072100007415072
0.17647906848043265
-0.10079788835770548
-0.10020553014621901
0.20500573816727075
-0.20158445767641836
-0.20396978589713072
0.09312005009441575
-0.049620478027136164
-0.17440246481316835
-0.12717613957867382
-0.056822013802394405
-0.01725736272636212
0.22491713337565777
0.07686573360939748
0.2965442423554006
0.08516121211770948
-0.07504279972880115
-0.07843627947216024
-0.02036303072374334
-0.08795087470311844
0.14781330063270523
-0.13230302458047627
-0.05529166000658465
-0.026585479026340265
-0.012023805208513339
0.16884516861524904
-0.13374552870090234
-0.28706378046564424
-0.0899626855289321
0.08239861928680929
0.1637901215219671
0.17717413050477823
0.10551643771908434
0.07401486919046073
0.2308490828259825
0.018194014175546804
-0.20240740064046792
-0.10395763599159497
0.2265024978620092
-0.2688935803785652
0.004486036173912409
-0.11122865294475082
-0.17840546297899276
0.023158818191010507
-0.0021225232645234546
0.17146881695552132
0.13396277700326598
-0.08659781482465818
0.11281405093399731
-0.07776911306355212
0.23678486732541273
-0.16050079155043318
-0.0015326109949870537
0.07729169876534575
-0.25553033925295704
-0.14401455368467533
0.1418280945859824
0.14950321683239864
0.08371255485473876
-0.07471519945640372
0.03047971718061095
-0.08764101356908098
-0.17324767623714266
-0.015490613395658883
0.16319980487705435
0.03571853599598034
-0.19989491750534874
-0.15895015565198864
0.054890982266625296
-0.19256317989091618
-0.08448424101966487
-0.05765230458829286
0.018963431304076267
0.035866775136183304
0.019720303936461497
0.13304363877229886
-0.02243373762333126
0.003282507028439742
0.07362915713403065
-0.01732546935792338
0.14865703700190458
-0.03793590728087396
0.007102438494243827
0.14963292592903596
0.06313087001970501
-0.1737259052280874
-0.25217794662681836
-0.21704277434273225
-0.016766726455831608
-0.14817763854007696
-0.08703039982033381
-0.09202081529964228
0.1954414810464971
0.022573562702491577
-0.2741631793808368
-0.187488279289287
0.003819514104143374
-0.14619660444234547
0.09082670209999454
0.11914106424904679
0.06310242416830371
0.19942844149034436
-0.07583504757970379
-0.05526438958550533
-0.10328231246070967
0.2507893561944525
0.05639624926513427
-0.20887710352996608
0.0855912321652361
-0.16564794546619233
0.10384755599871164
-0.031179588676798483
-0.20933721252086102
-0.15939937638253493
-0.029511942801283574
0.12647438672072786
-0.20184108235713902
0.0708594940694534
-0.03634332630379502
0.009078965134218136
-0.09334106975251447
-0.0840851648753606
-0.0310469500358934
-0.0005535262777649179
0.2441783168549277
0.09617455215327257
-0.006602045684455416
0.054568694175489395
-0.013700193513960368
0.08330281040365194
0.1373846236859826
-0.07040832275853055
-0.08675662159767272
0.20450218160907252
-0.15704815546504067
-0.06908589654990206
0.046180963161232956
-0.039215163191018955
0.19991954232543502
-0.12011994486652873
-0.16579290616928738
0.009265346091387135
0.10508572041813097
0.1794764140685687
-0.19641620285831518
0.022918528235833985
0.15464870759833121
-0.04108953665436692
0.13721416518943474
0.12397104584413986
-0.211827158521887
-0.023578763796980505
-0.014241329830017404
0.06404002234268867
0.15990044614869312
0.25811108990773834
0.17091618601466463
-0.040357139276166756
-0.05327602366281555
0.07452840592466257
-0.10289999318554037
-0.21240924273642625
0.023800734457315953
-0.04497912125375454
-0.25359334300920383
0.13402703102805674
0.20833954954137945
-0.07031288335845556
0.16772881299945247
0.17916736209053805
-0.19772904636294927
0.08717973989310523
-0.13733151600853788
-0.21100658600929698
0.12240290507141648
0.16612435546451126
0.15078594963312508
0.17415713885030687
-0.056992355823166654
0.18793453467677157
-0.25085403548322716
-0.15378250507974073
-0.16867400899937135
0.15384353248933602
0.2156043849144043
0.28294229503149865
-0.27486676696894496
-0.00020562538705113772
-0.15416456138331947
0.1434380832143361
-0.06459163228149613
-0.13389759065190193
0.11441858558418179
-0.10864512169582896
-0.057566082037761195
0.1315839326435572
0.1061112746579784
0.05593299326152175
-0.004981404334433455
-0.18115447896781575
0.1839018586855279
-0.11491950466536904
0.0376770639751096
0.18841902436977068
0.0984137124081326
0.049196271155231105
0.11997648271549724
0.05226577962807881
-0.13229654711800168
0.09366596444351225
0.050521949637829563
0.26908006323026223
0.005480515339465599
0.15138561523423222
0.17954611426454598
-0.27062058359955976
-0.09712204272619926
0.0905214914953722
0.13137936961035868
-0.07233322262521714
-0.00850759481247034
-0.08920733938700655
0.07889432658813392
0.08306389920431628
0.15493575101956084
0.017760564539668657
-0.012012986483133136
-0.02041715840291848
0.07766569561752604
-0.14824586396451075
0.022037479183441164
0.26763203217306636
0.18966870833646773
0.2461388522173931
-0.19809536753681964
0.04946696227706964
0.12866166241672405
0.060897544088183944
-0.09208171498150565
-0.014988877842245962
0.07973061509843453
0.004904307322252779
-0.2410793464169681
-0.2600780488498858
-0.047878357795077854
0.10857228694152182
0.13005690978223672
-0.0323236441383304
-0.057695133251077786
0.1545749872666972
0.03399654870856507
-0.16723493354437524
-0.12683339194504045
-0.032400974984858374
-0.015778070811681134
-0.02250451847177691
0.1351355897497376
0.14144555600647493
0.11426230845758475
-0.06402752469332394
-0.09480950479419599
-0.05767577411695726
0.018032282508578985
0.12102451570861553
0.024486093956248383
0.24187481132408603
-0.24065461846007746
0.29420378698429994
0.26050724815784065
-0.14339000171828198
0.24102320400502683
-0.06154792431567132
-0.08349644868069027
0.11410467459611243
0.1433919638529109
0.012322088904283818
-0.011761042054707462
0.1355626223189817
0.1301040578839581
0.17808806837761235
0.11995236419797023
-0.09012484985294839
0.07450393639204783
0.13753052077393535
-0.0563071185934144
0.11514083800581387
-0.09301016626072431
-0.029198323189099696
-0.11418905288004455
-0.12018739078906635
0.22632764437240832
-0.12788873926534
-0.02582911716744259
-0.09101973522240976
0.07839893531693917
-0.10214811472594253
0.002884696083713782
0.2438149667322905
-0.18676426888586448
0.20081041711007933
-0.07718166234373514
0.04816077135275673
-0.18681261153631193
0.055122122552931134
-0.2672668802996359
-0.13805143713888762
0.0051622043482912865
-0.26527064528780514
-0.09770442847458875
0.12241899592231492
-0.09754763508186598
0.20418206620052326
-0.1563300661923668
-0.05631649002717954
-0.12682142784522435
-0.1867290171131741
-0.03411693010886579
-0.06084776159960948
-0.17237743074740308
0.1883497945623371
-0.11296357080116376
0.02873751295781282
0.06474260584225622
0.053853319710146084
0.21276133646279993
-0.2205860919884514
-0.011203044301234054
0.10904820280404727
0.11550994669632912
0.09597873735403559
-0.05245312021584532
0.03468008729329055
-0.15450355585457595
0.15845233726423882
-0.1496616031081137
-0.1620843394430422
0.03789568284574578
-0.023998745576312288
0.11565455597725674
0.215841797525854
0.07694872301927665
0.17608253747106997
0.15963492613729902
0.09285561592405892
0.04609503984354804
-0.1611354807675131
0.02615176116429952
-0.02491900635929098
0.23089124698511962
0.26336778278616013
0.21032993331827185
-0.05678459137741284
-0.016915063621526883
0.11143686701111429
0.1873026451862612
-0.0849471539296062
0.17873429781632508
-0.013860293451465023
0.11572626295279093
0.15862575468827184
0.11405915427103766
-0.15688591484352776
0.025478286824317853
-0.06802641542515594
0.17130763908558874
-0.10398111203957942
-0.19074722753744602
0.26350257215731093
-0.19118930539162501
0.04504092236093928
-0.07981395474265374
-0.20346106610580694
-0.1529261516929091
-0.04475152704067968
-0.12949031214350834
-0.16844642702627868
-0.11605269246931803
0.11677334781322785
0.13133927383496038
-0.19867651048152188
0.12610254900416795
0.10308890901634171
-0.19796044319491105
-0.09870055149662094
-0.03476556644538634
0.024855350410896395
-0.07460992707923465
-0.07595092296746563
0.03131570201199971
-0.010724763874415736
-0.07796324176447338
0.09883523600708775
0.11920765980002883
-0.03948235575957291
0.16468930814335003
0.030011499278838817
-0.0462733679229662
0.14012248876726704
-0.1669546592481292
-0.06136232116040548
0.07038318440626969
0.11243335373436573
0.017214118679841184
-0.11128021116908787
-0.17148063208506334
-0.1407221927074438
-0.08813883375317424
0.2102639874852604
0.13256020303101534
0.1577789558663654
-0.1718079673808123
-0.02559523811136979
0.09082643769622448
-0.12319296020594514
-0.14405134158868652
0.11545809287735284
0.16180573371537485
-0.2837976800605606
-0.12382409775372391
0.07036083443043448
0.1283418737425504
0.06727529136076746
-0.22349260686886943
0.07070885772121836
-0.14968333806942402
0.17487148733146538
0.1930432182542606
0.15037046045131425
-0.18413997911813942
0.12159070727221148
-0.23787295913741838
-0.10982488864635193
0.11745104307237983
0.09221819922814954
-0.06537985083476905
-0.10295969510549711
-0.20036561947398254
0.03385438826137719
0.20524317657858224
0.2170444524670007
-0.15504911436811503
0.2444983181762213
-0.13792133746773597
0.06493434256089246
0.2535256630194389
0.20522913754647784
0.02567619413878305
0.15716453850022005
0.044096828151197545
0.014590939335722568
0.03637396181374217
-0.08277677981369308
0.06603831194646291
-0.1381552644700312
0.22836922410749907
-0.0637816387089205
-0.2877534932048764
-0.07907685858979685
0.19728703840875647
0.06401188099417296
-0.23241692243006098
-0.0790622682010965
0.2067235943334279
-0.0989101320382843
0.11418703042271654
0.07060516386242993
-0.17604202350771506
-0.19623031619941045
-0.15135727354938902
0.16505511490930078
-0.02317817128093365
-0.015281024977299747
0.055063945107639345
-0.06121788528856614
0.08962739960203195
0.09681474684428057
-0.04689720850201771
0.10605668196137372
-0.2247253106427322
0.18950091845811531
-0.014190225571595482
-0.17040835813086874
-0.03459669705721991
0.10264443396535484
-0.31868628089677875
-0.03980994688317343
-0.17976558967228332
-0.08126503160198179
-0.09946864792130986
-0.1203480839766449
0.24777255535082376
-0.13483056729320733
0.16463756211536643
-0.039553781535182644
-0.010157291898669223
-0.029602495546167364
-0.08477475653274673
-0.19614400228211037
0.13663712748122578
0.0688811043596063
-0.0654648280324131
0.03193437313398361
-0.2819662786792293
0.13022606816065513
0.2164528957171187
-0.02872219632251299
-0.13808587209885953
0.26537645555192096
-0.041859521065199426
0.017986155237873048
-0.2786619563602148
-0.059738321527938974
0.1303270300036889
0.07667746674169715
0.1571392301202888
0.09234482788207597
0.15406257727296224
0.1337878449942599
-0.1358527136532631
-0.21939195433126618
-0.24831407667480898
-0.04523952647916155
-0.15926374983776656
-0.0278500769102568
0.1443188588638255
-0.13372066605677302
-0.009807032938994424
-0.11625392787448459
0.07410336281425314
-0.12228176788633509
0.16565656448863295
-0.10854025961472291
0.037421135323746114
-0.2719241719365631
0.3136021307682024
-0.11798959495228636
-0.04486185819959834
0.24834674804701898
0.034833562772589165
0.22724138676672725
-0.11214413154607657
0.07883579318668675
0.13049293060194106
-0.15830369591933507
0.15360418170728007
0.013013798264490027
-0.019703042097361442
0.0873493248238893
0.1185505762701237
0.06429940119073281
-0.18051856947774608
0.06764229849568726
0.011572345677662724
0.2349988896005734
-0.10272643284530124
0.0059759798024191174
0.10643884938592574
-0.08332441566363859
0.1126805278865026
-0.05698388509062792
0.03520674075405111
0.1580954021069362
-0.13078782145221884
-0.10863826486287585
0.008193504541213903
-0.08235790098693063
-0.20105292409789471
0.055341584780228416
-0.1619349725697533
0.06171326637517279
-0.0026496869643530757
-0.15378848874827564
0.20763666010511606
0.15899464745004702
0.07706724941315932
-0.17870185883270576
0.09900032783993043
-0.21725005608785633
-0.011710392476563377
-0.019348628260975526
-0.08102440425799795
0.0404896018201141
-0.18973264052710184
0.22466868963632783
0.07937329019142737
-0.17591868085860823
-0.0907531183653695
0.1183616488247763
-0.32873623857020146
0.20147278132198493
0.12609101077557486
0.22797956203496922
-0.062403157502364075
0.01726869750813975
-0.23325521709102728
-0.05740647429834846
0.04583866771719711
0.07486128944398891
-0.21684119726487647
0.06029865047800179
-0.11647131815916106
0.06578257629019013
0.04808227306047508
0.1628340365077237
-0.12316096267239748
-0.27361584062419514
-0.01612313166337863
-0.15365603172456901
-0.15387726121156323
-0.03498284254328183
0.18632309942542827
-0.11287253132623348
-0.1319437060729929
0.22015278608320035
0.2312686597400907
0.21523936464601123
0.023170451208806606
-0.2396230347743054
-0.0473266082471521
-0.17488230798628474
-0.133881460473991
-0.21399759030204948
-0.2425214508034575
-0.024269886128451785
0.17205459423516797
0.24137143589090618
-0.1450555721330417
-0.12722789388735847
-0.2954049064815033
0.09449368837776738
-0.16863526604922727
-0.14436745602152332
0.15352334859445485
0.16995081379933816
0.0012809453827314675
0.21431164934050304
0.05775782417019115
-0.00634620291697065
0.14782439579898554
-0.24212795163375808
-0.18923367617225242
0.0007359111790011547
-0.16102489119905952
0.03899195958017946
-0.16380419485900258
-0.14921438351707558
-0.06501463196567311
0.2590320174789747
-0.1999060762511044
-0.13024187999512046
0.260206616622627
0.0011095428434251867
0.036287880891103234
-0.1877612382280359
0.2933748268945282
0.2585198083018291
0.14393916835140114
-0.15231924905184924
0.10554292525208869
0.1544486857365468
-0.050645438471281036
-0.044242574185535594
0.07837382777829416
0.15373942377497496
0.016897561034995928
0.1507573192665958
-0.09146659559758427
0.060573129975758214
-0.09015604388133781
0.07632702063755027
0.09908652467545113
0.13971701668869535
-0.23198444813747776
-0.18304503873236858
0.09638861348708672
0.12246299415079505
0.05846258902890697
0.06877576494323229
-0.2701718695003166
0.1436912834259899
0.10039590952374099
0.10902880432721211
0.01313147515982737
0.0669221216426015
0.1794836325672724
0.10445925906704208
0.19100332415055266
-0.27760351581016457
-0.02093440823256161
-0.27737474018819064
0.024071766507374054
-0.056338864678906656
0.21024055154401042
0.11015766358723235
0.07343192243269761
0.05437259330437197
-0.17723156071870988
0.2626481425089966
0.1995216489951142
0.1094365273300816
0.1776504247248123
0.1738140804006059
-0.06922362735528419
-0.18719431011564408
-0.0453395484879923
-0.27256754915435716
-0.20078056667666883
-0.1740442102870709
-0.20778073283831677
-0.10230504296446176
0.03511311329453751
0.19313987685459405
-0.16085944251841827
0.16368401468992708
-0.06708927377759517
0.23048988209567156
0.022415076858792533
-0.19540570995970333
-0.14077656513051462
0.08688485657498438
0.18569600797509642
-0.12702860153591108
0.09973967415955252
-0.2969361026324182
-0.036608671167630086
0.08337168372025985
-0.09734783851474263
0.04563117428806557
-0.19535991885340837
-0.10854693747128406
0.18392648333194783
0.017998002263840095
0.10147545699067519
-0.08275295433203518
0.15344578065612557
-0.19373155087634544
0.10807202513476855
-0.0419363016630914
-0.023452888894412455
0.18160335454366558
-0.12704836805908204
-0.254298628109874
-0.0900888227436519
-0.1565773741956152
0.218015151813701
0.07747853262715923
0.02081453166915922
-0.17285070274789377
-0.015495267578299813
0.060532618324968424
-0.08842705167057197
0.2197386223028106
-0.17445743653141318
0.17923940234085298
-0.13184032318166486
-0.2224287736324971
-0.14200645308989512
0.10866287324420126
-0.1391689455776852
0.07960910065279676
0.08245322799485665
-0.008139211551542432
0.19316477988312594
-0.12764668606842913
0.08061503651800865
0.22793513484544575
0.185554894472256
0.061616230653727545
-0.08147984354647567
0.1927076643354048
0.017350577210076348
-0.0292324862055983
0.12752179589981547
-0.19989947537365277
0.02636292375427376
0.06825715095695628
-0.16025741654974562
-0.06346084055030178
-0.013842409617145114
-0.16773610585054352
-0.014866546025367735
-0.22325259861065125
0.2232237293612745
-0.18810555510820173
-0.22031110623991065
-0.14103624445201188
-0.045078854375232895
-0.14009795265638078
-0.045198969241564295
0.15247561095832637
-0.22964466206233258
-0.22992307712507262
-0.1352404527844591
-0.22785252794323868
-0.14865154019002288
0.28907175831184484
-0.1569735301070145
-0.14970529494299098
-0.10662801869601547
-0.03718782527677276
0.16677024548998198
-0.22958182587797812
-0.1380096114085947
-0.1839426720250556
0.16535105797501035
0.1123877995802046
0.14589923226215357
-0.07436266993035323
0.23471555272793437
0.2915333620097732
0.13608663160841594
-0.1161704169904341
0.15899873930607916
0.11324050926386232
-0.2355534245146316
-0.10155567849915335
-0.07499975854169563
0.07919353757617534
0.1984221706534706
-0.033983318088105285
0.034893654011381746
0.18583049099189797
0.12301106930264216
-0.13647849240621857
-0.16812044317285255
-0.09356026871048076
0.014113181378287981
-0.005459343813799243
-0.28589480916129206
0.17112160738628168
-0.04480063158165906
-0.12611421450903174
-0.06570584143414457
-0.1960978271961656
-0.02372834629965654
0.18201993558580026
0.09806185039256327
0.20260144501981422
0.04117053817556127
-0.12076266765537871
0.1229335248783943
-0.13074801463238925
0.21207605237778626
-0.04567963642219771
-0.11509426888370317
0.10051137500274393
0.139200864697842
0.08825180713005626
0.11151196216179349
0.06700686896897132
0.014254474182833243
0.04592770168702656
-0.03661230518648567
-0.11938422706581792
0.03351774478542411
0.1491138791984789
-0.03436198314449089
-0.006473143145409602
-0.17957991367918327
0.12046749962448805
0.06977467023136974
0.09434482696713505
0.188368236711022
0.29204589574401313
0.21945195762278574
-0.126259433416783
-0.1444703219283673
0.0004445202336825371
0.054293151849370704
-0.20386530396449198
-0.02998168019120522
0.00456472801453852
-0.24288485151513176
0.01753975309262434
0.19127412790095052
0.06497173082793711
-0.14454552370609683
0.0066184187992609535
0.03325018768686245
-0.1211427664320448
-0.11886143821366087
0.2322864851495681
-0.21400058709930345
0.09969414611870354
-0.07067774867792549
0.083095201266838
0.24645794270352647
0.18621388890225798
-0.10062371414312103
0.0015280871992553536
0.13607497228403848
-0.07073313398766325
0.09185804694385044
0.1654663265032962
-0.19659184416554282
0.16000793575020483
0.06799103349204745
0.27588646364704966
-0.2235857644711389
0.20760683758545095
-0.16468703920794506
-0.21776896994497497
-0.20442940342673374
-0.18936122834788932
0.1444501375044524
-0.25040310394818904
-0.1224049310395226
-0.0701491675119007
-0.11091714462366838
0.3214971263460073
-0.17301975993972954
-0.062047521009901255
-0.045572827616577674
0.11071942706206131
-0.15873847631043642
-0.06063335960165314
0.07560447901195472
-0.1106863504571194
0.05709988933762079
0.1104624113072845
0.15760532883916642
0.05580709897662896
-0.22680921724952655
0.19415438794246778
-0.004292704372160798
-0.20886347174033051
-0.2390782686036222
0.027047653933531767
0.01859633172086928
-0.1713116072801009
-0.24520224216650116
0.1619350257397068
-0.162302432963371
-0.0827168200269912
-0.03112992849921004
-0.11823421886423212
-0.05923048516398762
-0.08854106088507863
-0.13065820518474205
0.21300000012398587
-0.298561880296515
0.003182364777985379
-0.197527385118231
-0.04743090654723901
-0.19529178096149258
-0.09136346501288986
-0.003845618002293808
-0.17965795677047422
0.021974185162099938
-0.09500081598137722
-0.0002733596829594531
-0.1743191729816251
0.1453950935761847
-0.12167485521176402
0.042493349708235616
-0.14349617740215653
-0.1991076447855584
-0.026345428829584232
-0.1987858888299663
0.04499764189079066
0.0013506019838294746
-0.12580557349328092
-0.07115043159475222
-0.22259198706385777
0.06380250038267551
-0.17341476546918333
0.13260429633390824
-0.11504972916218692
-0.027026483820988628
-0.22634418957182334
-0.030037874351083443
0.007829931668981067
0.08476622712596601
0.22151798402314263
0.2264651250086044
-0.2681429972113496
0.03882171374047056
0.13392739668212691
0.13926004364944863
-0.14237542908231796
-0.12715449156137834
0.19673579389379003
0.1636821152637819
0.01849135848158339
-0.15322369207963632
0.0042871907903848285
-0.10737642187689232
-0.1327297674564886
-0.16732589848725338
0.13657701530118183
-0.020882325720984012
-0.20010922937841621
0.1837030480256898
-0.16598045311667833
0.1176541025806313
-0.08449607157354334
-0.17562158684512352
-0.017715445422810828
0.22558099446533073
0.0072635281309075435
0.08900071810771736
-0.0043213565622563605
0.1302283819212309
-0.04663339790002958
0.24473801582525193
0.09785256277540942
-0.10104528100714122
0.20925738140009909
0.11251029103771061
0.11775571802565778
-0.12562152573579596
-0.03527321265411249
-0.21034111235206857
0.16463832324832214
-0.07594904445661828
0.04994129656025422
0.301323019228889
0.2101972955697753
0.06721102452871817
-0.11090992763998903
0.06622718932716656
-0.19873199422011067
-0.1832800612086834
-0.22210962998262143
-0.2738991306493342
0.14741265063922637
-0.01336712488768662
-0.1714139088557085
-0.03960571002883376
-0.20673468023528682
0.030280820241744638
-0.10848262776795979
0.2577845179864988
0.04187218316916737
-0.08681113890900155
-0.11324904458104576
-0.21595133954752518
0.15413022578964677
0.06238170850239901
-0.13364125377223202
0.04356990060812017
0.24551703989773752
-0.16524521886360488
-0.205301854867487
0.021797757160348583
0.0046999215191777825
-0.2432456907157423
0.23702098878491637
-0.2824569509885511
0.031612696790929054
0.14124143204120684
0.16964563124432835
0.1773173750198084
0.05401520898210183
-0.1277432898184247
-0.2255220709774804
-0.17828935559264383
-0.10837773190434319
-0.14081344531610127
0.2437243021795433
0.23422770334412646
-0.17523896832961738
0.04243855464459529
0.1027013898302609
-0.07385284356697402
-0.2348341358631312
0.11802478801904358
0.09617923453111298
-0.07511281762252073
0.15661686612864847
0.1859062646183292
-0.11915624965700188
0.1423445206756359
-0.009442200655545198
-0.26952593489693066
0.18633578191845318
-0.15808720405447865
-0.25120539187421886
0.20887773858397227
0.06346585972592132
-0.1042240191588729
-0.005625191947289482
0.17536997617913352
0.031117427646248443
0.12494628850555836
-0.011270282607673423
0.10952106229292967
-0.21785812272375213
0.13560892632871036
0.08730200840074571
-0.18554855798847344
0.2707437941175129
0.16183676368748198
0.11989847191345011
0.08218877446704545
0.20417875800934532
0.06564101630327254
-0.011698950201476379
0.19055888532399015
-0.10061810414080598
-0.041987215853004925
0.05242344273638058
-0.07226730451048939
0.1272210013888284
-0.08595047596415614
-0.19479185869951668
0.07849902957477396
0.054777533365861185
0.11317554257171333
0.09047506474212069
-0.07151010518908432
-0.22454218007332116
0.1896813205765291
0.19650831130389115
-0.12394361492720145
0.057665156225421635
0.11302231993504559
0.04151582152240673
0.21843845495792816
0.18598471927764276
0.1573392952699076
0.05590559693803941
-0.22676277063242276
-0.13074742296432998
0.12113073599840009
0.11483511493403308
0.04275576350714722
0.10987290988620864
-0.05779321524689385
-0.09387235234509747
-0.22318160722138053
0.19384393344611414
-0.11432996563126664
0.16663046006220647
-0.09714144819154255
-0.08086270464628519
0.1375824983901303
0.22775317668726638
0.10057427151866995
-0.253346881366017
0.2058717590090123
0.010436095485298601
0.20843595131615736
0.1572717256952726
0.17726747253134506
-0.22452970784390486
-0.05550419747875421
-0.21141264807709373
0.082896507460626
0.08495643300940972
-0.027063711496998058
0.030148966341520426
-0.23995831293042774
-0.26508589264642507
0.06870085427577076
-0.25705568004551627
0.2322992612438666
0.04253198691702199
0.17813450147502483
0.008156082308978107
-0.21195655489346946
-0.21825516017829127
0.22457099470847847
0.20877787527096378
0.20501460231856805
0.03834735288822843
-0.020730853829945054
0.17813226332442123
-0.009024725459152427
-0.07553330960629914
0.028403215869865175
-0.2610588556540348
-0.02571370942348889
-0.2641562048047263
-0.20258211467119955
-0.1630210145571683
-0.17608675654795147
-0.28098503407661035
-0.11250089260284912
-0.10197422846063738
0.1871919723794864
0.006124334367186673
0.1091084566864066
-0.19691161980461594
0.10711288042954532
-0.00063848239440136
-0.03885415848517469
0.11129505252283171
-0.1103508535699797
-0.10950291003216715
0.09805856763800272
-0.22552838683119927
-0.1564895899615426
0.17205421761995895
0.17135383944210705
0.2351115327614446
0.10254802100926924
-0.23978516775970812
0.06595815763029822
0.09416545047314541
0.17779651596482818
-0.17287289933554112
0.1064666123078837
0.16474895042620538
0.14466324053549554
-0.20302193198287138
-0.16543457380049828
0.08185554474393146
0.2057570913298543
-0.1563484781974827
0.05199957324040204
-0.1807185110264819
0.022388007025864274
-0.07449032428455199
-0.11206225332267951
0.17548835776479768
-0.1725682484668857
0.12454030051983733
0.03216921255603244
0.010672261549245894
-0.19151494464725236
0.14096347865049258
0.11856514933927143
0.14093046867614573
-0.0178211267404818
-0.027089447267118188
0.1411506995939918
0.12791169885193474
0.043490426089719765
-0.1836229271753007
0.13431093250549464
0.08353560065577147
0.12089558197531862
0.053064342726401974
-0.07951290027456946
-0.11615398751159817
-0.15489587338097155
0.10746046994826972
0.0906020025215493
-0.03900217165826258
0.06287718376704766
0.027996307241060593
-0.145428528377547
0.01772565927136805
0.17660058465087797
0.17793015719927915
-0.09941895738488293
0.05914188869412633
-0.12508243418954829
-0.09657847538967325
-0.12430889557578602
-0.191181759295147
0.06623354812197042
-0.15249691113979097
-0.18540685200920184
0.20568046661526992
-0.0586305097933759
0.07136443987794217
-0.09121780150184816
-0.17632546873696553
-0.100548542661048
-0.02584969531094493
-0.15205714520943234
0.22937636029895353
-0.03189215624524661
0.06387883102632191
0.10185597652265552
0.23714939412243238
0.09491871243698694
0.24159261037728894
-0.1033632582639934
0.20428752298661346
-0.03088884369903413
-0.03973825994939954
0.006987931342848367
0.1487449758960983
-0.0972137388320849
0.025918649763945336
0.11034278666796452
0.034875034545801195
0.14854452120303172
0.0015428183308717968
-0.04079013521079752
-0.2684250623170688
-0.04412062989545306
0.02936777482785035
-0.027601271292585376
-0.14312639631961013
-0.23192238730662457
0.1635678441308591
-0.014525881681870469
-0.19829589168436157
0.24297718611066219
0.20282268331114062
-0.13834790346416592
0.14147247778494165
-0.054041102734158686
0.07193738728276321
0.13145660473351448
-0.05915304197187015
-0.08864956062469787
0.202566679730277
-0.2726603055629803
0.1609147912079796
0.08954668041324358
-0.1726061638104456
-0.20023701292223012
0.20294015821964823
0.09167038653529856
0.03295176013760103
-0.007690717840954001
0.030189763512426627
0.006406574737666242
0.05381465478426238
0.11442864943415514
0.2704001910789731
-0.11827044540889296
0.08955569646080777
0.2223335722058033
-0.04785524640944362
-0.16579528182817416
-0.07945897400345188
0.03684399631803341
-0.048231473722456134
-0.05234010229877772
-0.1388720702166579
-0.24867306721731067
-0.03152417662938574
-0.15919481806016506
0.0024877554125890752
0.1314407079964481
0.1281761368761321
0.14442081458109463
0.018267181522834196
-0.08165280707356952
-0.027181189643284684
-0.06101678838295235
0.03508605396642947
0.1265591286455918
0.06362441521080188
-0.16315127804692894
-0.11440377335541259
-0.043851827465719855
-0.25658175302258235
-0.10559177413086776
-0.19813875558200963
0.1837856399011628
-0.25260072223420504
0.1449409811054891
-0.003832334684257966
-0.06114831960959825
-0.20352452229997728
-0.07892463812398999
0.01714233640506481
-0.26956505228891875
-0.2374352523815604
-0.2230944603352849
-0.152925391701731
0.09097271521357131
-0.2202622506370603
-0.03129907570625937
0.12214596483111427
0.08032909300205514
0.04800309052087686
0.1471087177620041
-0.2054538105805857
0.04799227993589796
0.19790029860002145
0.12120269744503336
0.018576087558475028
0.12033487156517328
0.06711878373420031
-0.13777866189165833
0.129658756463517
0.10609383613228665
0.1290001972875764
0.0361594484240294
0.16006948366206356
0.09348938014011135
0.0790485913578493
-0.1310131908717785
-0.008949630540215326
0.03520440958081727
0.0950930445329389
-0.2577407796032139
-0.0687175761659221
0.021912340703838906
-0.25157826619835727
-0.10251650862507718
0.055980641397059945
0.135889397404696
-0.15319988189096245
0.1587332920513167
-0.05870894196831252
-0.24893348157439027
0.006806979060817666
0.13750793312939597
0.18801677945540016
-0.16077613277196917
-0.2665856856951007
-0.21244852246967733
0.04846950157899257
0.06080898492697839
0.07998300026734202
0.12055301249826182
-0.18127668043581158
-0.19420518823836014
-0.05386697023287624
-0.1473937229474369
0.11002009534392608
0.1886929192926068
0.06430488722751715
0.01977746675216955
0.08055185912646146
-0.08093097608113442
0.17011276403287665
-0.016962484969921185
-0.13543107989714087
0.01960338731132671
-0.07331682883948527
-0.07203513469264174
-0.047364164752074486
-0.04010933986541956
-0.16882601845765938
0.1220768959402418
-0.0027974520112188472
-0.3073685575536448
-0.012207073901733
0.11160960518806971
-0.08769696782350055
0.02409584607464639
-0.0020229244321932098
-0.18325667529331519
0.13998592914657573
-0.23768718235986452
0.09210455794156722
0.029873220351887535
0.06237858241210883
0.05783138983884132
-0.14902261883235704
0.05855527510279571
0.2587611493743632
0.06249372514753287
0.1350921805832374
-0.0051582256426945085
-0.023603126571392494
0.03524187393878588
0.024638231303885427
0.19189891541407988
-0.20559193451776434
0.17716377554877685
0.2598318971589183
0.07594740153082846
0.15939617855568392
-0.07890150805268066
-0.12472116046637455
-0.14452287414411974
-0.1632244771317803
-0.2084527625527302
0.07133332029663862
0.12936410469679366
0.20249298593446943
-0.16460620263385503
0.13147940334663752
-0.037471093763201964
-0.16565932304181086
-0.053327910485156095
0.01050386518228481
0.05717140299783401
0.15262668984762473
-0.1551567536459569
-0.09542307423236338
0.05253023717383833
0.18165704229134408
0.03316594622237214
-0.14539990199304864
-0.15748238562367733
0.3087926210542932
-0.1862810281601212
0.03586245876828694
0.01077358127013778
-0.031779844800660095
-0.12985452112494045
0.1477754931346718
-0.07308983350650958
0.18131019628945333
0.1415167328853584
-0.2154408533438572
-0.2719931837430645
0.10995054185331898
-0.05333960527232501
-0.15043557528713125
0.05983287041666493
-0.12626591619375616
-0.09355629486930837
-0.2775257450901076
0.0387737006648699
0.043667957591350115
-0.20695668817723586
0.04111441593459009
0.03504721404263148
0.11891193341726071
-0.12702808421548983
-0.10938181682286258
-0.1495072762332768
0.3054626583840565
0.09665146617425276
-0.2793791262500127
-0.30621721538057245
-0.20889579696152455
-0.017378641339984156
-0.1007700194760391
0.14814644405632818
-0.04850044190607564
0.1914181246840579
0.07117646419282171
0.16824373572177195
0.0030226571955507607
0.12228308161241137
-0.09257596584486708
0.02915996706956957
-0.01685233513650364
0.012416268028342682
-0.150973810477554
-0.20912639581191775
0.27958130585512286
0.19715013469314793
-0.11114512218333422
0.047980908381811814
0.1161577716322718
0.1585384907082274
-0.11547445962356283
0.11440759726063876
0.11283706091930926
0.025718792930437263
-0.06071189107750721
0.10063433074214166
0.22888032043877254
-0.1648210635655417
0.009583179350915226
0.3283558222929146
0.16254720193238334
0.018614100235532047
0.1409456762802315
-0.2554292099159352
0.08146872424178447
0.09641651253435199
0.14332011567729763
0.20112476590158918
-0.15763543973593935
0.1167096452714513
0.04743108761870802
0.1967535818726308
0.27297982337327475
-0.20899162284660647
0.11757850525017267
-0.02512744459511156
-0.05033183090961632
-0.12207226325725619
0.016059488846135398
-0.14460401644043633
0.13500792740345013
-0.08217685305079674
0.1956220569225672
0.10617442786857814
0.34189417695047525
-0.03851047860455229
0.211916553813922
-0.24052045603917388
-0.2190100895450402
0.02372044201225382
0.12680658080626764
-0.047518273607307544
0.22514401116523963
0.021715763493796614
-0.24723998398185335
0.22484299418579737
-0.2646754576860272
-0.0630860318675562
0.138995504694317
-0.23504360032978477
0.025008667585492608
-0.049266391335678575
-0.2391901584062226
-0.15809781654954877
-0.11828812469332915
0.2142814556026739
0.08705235297517759
0.20862037737419267
0.21427738825122475
0.03892992800222508
0.282202332152418
-0.18203119660456216
0.14586412996355497
0.17961529534605308
0.017298379252731907
-0.098596461815037
0.16398723748711566
0.03348493976854242
-0.23304817197319594
0.006998162138754297
0.1228576207766567
-0.17005445951193107
0.2037212290600065
0.22304731117374407
-0.07998657177106021
0.11906598893008838
0.07332997316774434
0.19326583868386624
-0.01221447156057236
-0.20480139218550264
-0.13182200346810094
0.1498475992027864
-0.302395985026949
0.17975106104131452
-0.17474431529008178
0.13309595659369414
0.11835856220981546
-0.16036177414778424
0.0003622872447530088
-0.07689746349906593
0.16929920895082476
0.02834091459258102
-0.08818944254350468
0.0950947840845674
-0.14311898537092702
-0.21110998766246647
-0.19696107661623513
0.1372031102291806
-0.14237787566250318
-0.17737046814989907
0.2464465391247259
0.10520451174315469
-0.16863334954527784
-0.27793748200141616
0.2932743614221975
0.004042949888634889
0.10233400507401301
0.1025604526298084
0.026656172265520844
-0.020552401298075052
-0.15548998665445266
-0.13912562188336483
0.029068897942246878
-0.07980877756704449
-0.09495293545354498
0.14580745104240508
0.1629149268381558
-0.25988919913276076
-0.18023627195694578
0.1305626836303487
-0.03597376089709427
0.0370060093123469
-0.005373571676119755
-0.03792715786474913
0.1900071910559687
0.09915340962776159
0.1548527444669157
-0.031359319969152255
0.21483038692443757
-0.2872107535639364
0.15659927400824034
0.06920211364288273
0.18776772111604262
-0.31061858921088614
0.10835700368968032
-0.07324536144483412
0.06432744253679593
-0.14034441690649752
0.10909469620721983
-0.2191402269013785
0.18450834462613366
-0.04082072998696782
-0.15237014361015494
-0.25965128457120507
-0.06683245214939498
0.19108749116666301
0.0955778963654512
0.0899095020023252
0.04581921143189892
0.1614292158881576
-0.06805320495471635
0.10288593924161285
-0.14609580493190466
0.08050436398610622
0.038579919665926145
0.18378480577406686
0.08541303395465721
0.13781436144502363
-0.1039217221423536
0.1014927077901427
0.10128889018351553
0.1904383682057009
-0.07790291766425587
0.06414536977253064
0.035520986689006634
0.10612482372652311
0.16295329494426689
0.014217501843987188
0.022402887077982395
0.09893910285766624
-0.10539498870695727
0.10527769609156974
0.07809673274525535
0.33470877176518643
-0.18900052266653336
0.2605002823466054
-0.11588225258119317
-0.2044325108866947
0.08496672590404283
0.10794910329002214
0.012055264672557344
0.0846677215764881
-0.2676170426003906
0.2614776225677732
-0.1807596327177764
0.2369287522423934
0.03340925441430519
-0.03592330764672312
0.040235482886294555
0.04188717761005667
0.1136628518776928
0.17640821156911962
-0.14030088065193497
-0.02624774992641343
0.11423578957980987
0.10968266670152034
0.05996444512261511
-0.18210987099401427
0.2656599694051663
-0.15253472081593686
0.1272049608339102
0.07421636246466132
0.08811437236208504
0.131153188932381
0.12103466360904683
0.00986809353195876
0.0485597121456159
-0.021096123099330764
-0.15541404684633173
-0.14219535604614728
-0.29884080848292793
0.2646896624257912
0.11697520353807363
-0.08292496417986098
0.19605476453718368
0.12691325819655036
-0.024059194966519197
-0.16151680248680192
-0.037066205981949055
-0.0624440236586952
0.28289096033018035
-0.26092552613646325
0.10773369425833448
0.23399934333411687
-0.26392900324095153
-0.15852530226290057
-0.2807701080339256
-0.012842969241134932
-0.016639648027951006
-0.050671193380181015
0.17227079983028806
0.0680154241561061
-0.14299170533119115
-0.0475608627623861
-0.04306070970563942
-0.03319850601665137
0.02485064842675739
0.04494441787171306
0.015135186607905329
-0.2190991195679917
0.003937969275692472
0.0943218983783054
0.19869777374547637
-0.022357730219578424
-0.025945736406939486
-0.18264922995996313
0.17117156543799772
0.1844184508428621
-0.1916472829524188
0.11508962777921648
-0.035319213920021644
-0.12304075752660647
0.07962554962885617
0.2286225753611739
-0.16505106459797866
-0.18358744782370925
-0.2179788606787208
0.2263671447964663
0.05356880055113561
0.02551373704652647
-0.026595668760483054
0.08884089660373495
-0.020900962925937152
-0.22043570695081519
0.12924762494091202
0.2205855913165237
0.012772464328246894
-0.2289952065864761
-0.0789833945676295
-0.02149448912011974
0.25013821399299446
-0.0962737372109
-0.24635081906009204
-0.07005378302119221
0.11582665505955747
0.09406436136833563
0.08993590810777281
0.0329840566472719
0.13539525419382453
-0.09913921960232829
0.10703658896300446
0.22089263821712618
-0.002493956453102402
0.0042613325881466005
0.0985590151569566
0.09463647186055299
-0.17216888737306613
0.09838069970087487
-0.1997397230416092
0.05663011272283717
-0.05439604595809835
-0.17774058869955237
-0.20724290245138932
-0.15008827846895897
-0.01250001543287904
-0.07240776023877302
-0.09162255919904064
-0.07938523015679244
-0.23791248084192876
0.07512922781033117
-0.2968457071909642
-0.021973171601448675
-0.07613737962129548
0.27363013309887013
-0.1599935165928188
0.08531822273551333
-0.10254720882168804
-0.08180189835973253
0.11117366884516212
0.0847192200188853
-0.10580024976510449
-0.14575837304257774
-0.044467767559092285
0.2565666428508816
-0.05717826703279617
0.20659517235668307
0.021962285635476645
0.09198776877864531
0.1500964789858618
0.16414068167855592
0.0006950492862190367
0.16548322908371846
-0.22757648492489163
-0.18061682595095857
-0.03820069598341853
-0.19095819966971203
-0.013337193254845312
-0.17077852129093532
-0.17072552651054732
-0.2614970597067914
0.20943227904023679
-0.012323116017646992
-0.18708441008392687
0.22925206721134006
0.16801305207917702
-0.04080832846277744
0.12498120818537739
0.15599420663531863
0.10848214872891117
0.14387691817269518
-0.15600876325105384
0.12415613113691197
-0.18834177716549455
-0.0333589233727495
-0.029029403116095337
-0.27469853652490633
-0.21373528818873677
-0.005592952881831891
-0.11625894043738091
0.23554964397920675
0.02146930836053757
0.10828622145924398
0.021071749044804487
0.05704101165583138
-0.2689231701791655
0.12384815170930187
-0.008970895606943498
0.17156733020951073
0.1469645016339969
0.1327383993584367
0.13740872874257098
0.031001202201579287
0.020562988996479174
-0.015469064570755964
0.0909601891390618
-0.08100458438451619
-0.27037875688192764
-0.09806534780896335
-0.1245154240761004
-0.0736652512686308
0.040531439450283646
0.008990878661683197
-0.18012218154737591
-0.24058339110284502
-0.005253997907464419
-0.06310865996981388
0.20228497532777842
-0.0977498207381231
0.10515386050542581
-0.13402892301729402
-0.05188590092254446
-0.1729567206685538
0.15511444197421423
-0.040719121672658176
0.1894463269425895
-0.20793539085679744
0.05843697930468964
-0.04940373400772136
0.1442422418713877
0.1934548347860172
0.08503831014703996
0.030156587341964743
-0.13232533509059632
0.11403741515123843
0.0860522200760389
0.1639416071232777
-0.050314724498824244
-0.020840164625754234
-0.21696946552156635
0.1250554550697145
-0.09451803836784567
0.14010503464493052
0.01526312898470195
0.12658757500349327
0.17130801844154744
-0.3117728531134647
-0.14148361960280273
-0.06521643694502141
-0.059392417853835276
0.16876476617275618
-0.13591206980513781
-0.014789728692558289
0.2368455441454477
-0.011383337978171421
0.054987717318632855
-0.11509854771506443
0.006259089327741133
0.1546423965768529
0.06671671702303641
0.0006376058863168161
-0.14486754087149545
0.02967171778593161
-0.03869028910023897
-0.23456421251925558
0.14755174684863293
0.04073259766500288
0.09002264907839477
0.03089836005153379
-0.034296876303381504
-0.15853952494717988
-0.0012637123708465529
0.09074005730262306
0.1025518605464427
0.23926484232044526
0.021455450598011246
0.20221943096709394
-0.01039656529267687
-0.23858568874526725
-0.23056315377068298
-0.23692337478541775
-0.09575293796351964
-0.09082962395164379
0.23350751233446107
0.19356974396234666
-0.18036233991675718
0.07518652129369197
0.027248121766114623
-0.20076903314953554
-0.1383196800907608
0.08348551144644081
0.09139838366384269
-0.0019502752589101431
-0.12817911223652473
-0.109433000414456
-0.10319236274617742
-0.21803377946115993
0.0877098807881338
0.015863219456959114
0.21726460666093045
0.15973111262020573
-0.10230946653119748
-0.03788416130976606
-0.0514435403073692
-0.1767787712726308
-0.06696037054068435
-0.07649734764505231
-0.2195929048789066
0.0067679506312964275
0.17585952771180832
-0.11277268273042643
-0.25674696708035966
0.006031425234422565
0.10048581209182948
-0.13377014902052894
