-0.08123613058664324
0.11099002774936005
0.12773261130838473
0.21929813617510074
0.04413601738632272
-0.022498176137832473
0.07807595181182579
0.10642353545601524
0.04324937277876286
0.20195390854639056
-0.14010272793379078
-0.0481283621302878
0.028391562469614995
0.1389220307027466
0.06276576229667934
0.07353999072005298
-0.09369094516465819
0.12161645651446533
0.09952855005456909
-0.13282770310827044
0.11757419011022674
-0.10831984276104677
0.05072340227421833
-0.05083806006882912
0.025173181416849336
0.02264900499830741
0.10511236939227128
0.049829357900330024
0.05500770429313438
-0.1468708678242943
-0.11122665932456918
-0.1339385005820499
0.08715773590451181
-0.042316238883612675
0.027556476154790083
0.001859375592132444
-0.15745846178994305
-0.08971217613370115
0.014047232383410406
0.015654353717980764
0.043099174935321706
0.18528258749247312
0.16023212182163532
0.04460212816147892
0.07347577476670969
0.1323863370044123
-0.12725357227187817
-0.01381443254278339
0.012678734525182115
0.04130717994359665
-0.1378618222752796
-0.15303261847046007
0.054794661029939476
0.0698475400342691
-0.011682330192519708
0.07449553736894708
-0.1603484425714706
0.053434846813914125
0.19634488928074162
0.0760969349528513
-0.12953460336612374
0.04377923430801238
0.21222986840143965
-0.11570833532057379
0.0028067760699213742
-0.03841181200987381
0.07625303756078282
-0.08842185175258707
-0.20866006283157626
0.08899620966615052
0.15470870498097192
-0.0012634146864932392
0.007087102799051028
0.07982346497526284
-0.07367930057558625
-0.1004502326909262
0.1701083377624793
0.14047479753905304
-0.16595821544468725
-0.09299260157371976
-0.026428318638839862
0.16074722444830725
-0.15828183150352026
0.16679555890732412
0.094119049083619
-0.13115076403671233
0.018233480571096597
-0.11211027417193078
-0.11352214246791374
-0.02955978066949652
0.17201954894915977
0.16497187650273232
-0.15297684769964331
0.009943766165109086
0.13770101608527227
0.07887595008335749
0.03583964757641035
-0.04978969514817367
0.11411839802076128
0.040762615235820636
0.11889391652663045
-0.0864134479273017
0.07445229613495392
-0.08074723605631609
-0.11625493003029319
-0.018026785912030604
0.09930448153211693
-0.17692618777872376
-0.06809728160087788
0.1015403834656739
0.03273350635478892
-0.05222353364614979
-0.048742697753842955
0.027882404447842755
-0.10016633895194418
-0.15305030075754789
-0.11921409396946646
-0.05004969199350508
-0.1282117127352708
-0.08952014374659567
0.02271928130586477
0.14487552606522186
0.012918587689486097
0.13490639852858582
-0.11775772124764716
-0.12896751600357073
0.09386546916464586
-0.04262171183761471
0.015010850428077125
0.06521643916520363
-0.05907429867883841
0.08071905833529296
0.15825970035220738
-0.059252286590863505
-0.02702247253922284
0.10342505999698802
0.12917080357024008
0.016636313448809698
0.22979483890489527
-0.13598896876620475
0.07450002062071126
-0.09616058609096088
-0.0668992408025671
0.027707851025362114
-0.16575719330822053
0.0887686917307982
0.0015709458143502364
0.11839864999488157
-0.10972983651951572
-0.012680199915089856
-0.19616289720512942
-0.08859774534654764
0.16228547189531337
0.09428653990992332
0.03663768934432465
0.0626622450061936
-0.01625905557207113
-0.07866011711441481
0.16432939341491024
-0.14878851599695517
0.06440711705992906
-0.07248951115285164
-0.006269286291560693
0.05193744673643173
-0.0795040966860854
-0.12254498885460717
-0.13313185960911694
0.009951183315293752
-0.13039553985825558
-0.20422185005940818
-0.05286878468773593
-0.11840006126718851
-0.050978536230709345
0.10358019588022742
-0.033121913888960935
-0.09175414043643727
-0.12686232990018143
0.14433641686295495
-0.07208752642434862
0.14509253400455824
0.20779469240387194
0.07123583031542274
-0.10339649181154961
-0.06664815824654902
0.04266714666777474
0.030897234753628933
0.055490419744842756
0.03266415913163461
0.18384559867447092
-0.03828924232495474
-0.1464349091656487
-0.1355124943165033
0.19637758127900695
0.0859067760217285
0.11442406793767532
0.009825047234784043
0.060569718957944704
-0.18775177263822057
0.0755973683868358
0.14772567562407524
0.010672372626902769
0.12346549737809484
0.08546371911282603
-0.1458503332719563
-0.144384216984415
-0.18958698186187442
0.03414705031352861
0.03962397224969825
-0.1221496675294184
-0.04324352546176848
0.15759493283066145
0.1147608380243726
-0.1753104314903423
0.19744268778210408
0.08644337965887922
0.02215113404325948
-0.031339094289879896
0.036382121751752206
-0.13058039894390538
-0.10074835976632722
0.14494450848727009
-0.07782527205477456
0.07358985260975259
-0.053139836236226534
-0.06883257220229327
0.12268075884597508
0.04792069794320822
-0.14655380304765706
-0.15745831753543127
-0.10928298953733605
-0.1142824098107991
-0.04350327136784654
0.21603500458560415
0.20181514324679173
0.15736254576000214
0.06501647417439348
-0.07519509223416437
0.06512827100547129
0.14598834304875632
-0.1349092074632194
0.0044330769677171965
0.10483495635361743
-0.07932419290677661
0.19806167835933247
-0.11355676405062784
0.16199127668526855
-0.12106890293814845
0.13459527082916295
0.16052329414950975
-0.03616829622646268
0.09526535036031013
0.11232892904903967
0.0762514855272602
-0.1849158368373036
0.14528693264317483
-0.057948295186618516
-0.10169734814595574
-0.05230873242583023
-0.011969023804187906
-0.0728351783056074
0.07270905163828582
-0.12908480522119284
0.03041862832925476
0.1315681388829536
0.1260136781656632
-0.003674281519612651
0.022022244454625407
-0.1029793568943213
0.16534221935096993
-0.15299015791045806
-0.051030068177361644
-0.14625672257386102
-0.0111576113919726
0.1913962146999971
0.027918935660294884
0.12353031270269811
0.13403332837380055
0.06514686264237717
-0.013833784499414905
-0.07548409157518718
-0.1479851939743095
0.02133643726411392
0.047086211191837035
0.10180000248767103
0.16415251612534837
-0.1473810947711124
0.020122601163552543
0.032258184246642355
-0.09740506773249606
-0.12668680240651684
-0.04546220011047189
-0.05986612270566925
0.10508890893787534
0.17159608264026197
-0.11960447039251973
0.021380518885315242
-0.17455430191744667
0.047816340582819104
0.049203183911069356
0.00274421951869333
-0.08918435482935042
0.14238477308589667
-0.026752899707464133
0.08394010720268348
0.17701808717246706
-0.07408880780376968
0.09989365885395256
-0.16434749720908998
0.02638810729417643
-0.08597774748837309
0.03401444303085549
-0.0729423825047295
-0.05831616916068297
-0.03175572875556151
0.018529270278134287
-0.05799818839961379
0.06428347472004883
-0.1562242666795166
0.03708251944766616
0.0017316690351758689
0.09074777074091413
-0.027865076418408
0.13984400569240593
-0.04399234320200269
0.03483552210937474
0.0078466291944325
0.07995536421309736
0.14533297984576138
-0.17520879372711362
-0.011342198937310859
0.07075651526051865
0.06530169036816853
-0.14798145962160691
-0.10098683964386683
-0.10073976212466317
-0.09148353571071698
0.12039073819879616
0.1157554939413311
0.07325856990037924
0.13012350084204352
-0.10273119593327777
-0.13946844276109938
0.008096570348890674
0.01833807253455033
-0.015709484028884557
0.018902705149381985
-0.1305992152694192
0.08199077065286764
0.1338800435411934
0.019339156308944522
0.08691134616560364
-0.0969526587733673
0.06778828435408776
0.07522075379458099
-0.14977940327313294
0.005545866978851743
-0.09560962989185709
0.10161217653547767
0.01046418273724071
-0.11501433481451842
0.04248489035196018
-0.09657491564809251
0.10378891198505572
-0.10259643013490828
-0.04740547913486767
0.013884025331800828
0.04296618406244051
-0.027949697166044264
-0.0711190245452163
-0.0636927030298063
-0.027219885695113594
0.052847212147103334
-0.0033254461358357104
-0.04967128764104609
-0.036764291628515466
-0.2048395276743727
0.09100866839839361
0.17959317888512846
0.10047896311160716
-0.034059946068244154
-0.14749190705445722
0.1146531068733125
-0.020641090146797332
0.023525480605395055
-0.0012442247073141662
0.15307834519924562
-0.16862023530296372
-0.12643476315404084
0.16500066668637253
0.12261233100159796
-0.0376450947283198
0.03468928544881668
0.04521273297003481
0.008642710167316343
0.17380321408162308
0.034252001304992646
0.10050931451891
-0.05253301910964835
-0.030466840014940058
0.05442457131108347
-0.18599330471539852
-0.0435046439564768
-0.04683017838657371
0.0728702489145789
-0.12219804646656088
0.029000237551140142
-0.0457961496204849
-0.06101085860710578
-0.05869064320757939
-0.07490609818242967
-0.14636093018820212
0.15883763487528485
-0.005525349835770709
-0.0923842173399187
0.07612983523853452
-0.14885221577060417
0.0538290138567297
-0.02460684475081388
-0.1567293867835183
-0.06520291826173788
0.0936847832111475
-0.12724227558332726
0.14684270596435714
0.13713878228817888
0.07998092706506628
-0.10317442086015009
0.1495828779754052
-0.013551050254869045
0.0797944837852858
-0.012644645287907914
-0.09505453258928806
-0.1706650657485858
-0.09954662448083341
0.14206573193345173
-0.03727429841945546
0.1754075563845972
-0.01425011640241647
-0.03818319462830771
0.08838036674506691
-0.1211194550563783
0.10030021148599429
0.10756895152709164
0.005545715080674686
-0.04978643528782881
0.08805905330863631
0.10775491611053518
0.056161380882641616
-0.17533951345252133
0.09936728213774214
0.0017379741681276522
0.012216212021744978
0.09401650384640398
0.08515692044852281
0.08682254171989881
-0.05552313361194842
-0.24383202391116773
-0.04505312838856168
-0.20291336225897055
-0.00030733780265709983
-0.06910190890265644
-0.035149695265932604
-0.025216601488353904
-0.10188198523286009
0.14646833527243053
0.04292769369227865
0.16359966956528968
-0.06021493140011806
-0.14417300497419375
0.004093532629688221
0.118539154254435
0.0535519288331133
-0.08385862784240386
-0.16324935959528247
-0.10133133661569621
0.07095842477497503
-0.000992493530408541
0.03663345653471487
-0.12453888724272387
0.09685660991447001
0.0003627350963994895
0.01277361464503705
-0.03517087337426154
-0.10130726614865726
-0.10064193287930343
0.09764059895354403
-0.1843958288009268
-0.07982932789332402
0.0941904010420667
-0.05970466113684291
-0.06101143283789795
-0.04935743636201132
-0.02506258262309444
-0.0713947046886278
-0.14457260013462403
-0.07133213692494776
0.05317377493320308
0.040446643635948874
0.15677633713249908
0.08254830042121036
-0.15454374708293997
0.08202530402595436
0.0928490318647233
0.11195115365908419
0.0927979919445074
0.10197899166412597
-0.05394008940257447
0.14284826707781859
0.10994737391826294
0.05261159788533148
-0.044373446045779384
0.058312147302701386
0.2134623338868937
-0.0058205840167566
0.11056103639767588
0.004363613428341906
-0.08321010306021244
-0.0028563918018893377
-0.07643042714907963
0.0980076254592775
-0.09008184372810671
-0.07130358176274687
-0.008737240507975173
-0.1459406785278019
0.011230855522532786
0.016594420600462453
-0.011985866966987469
-0.06049959349785221
-0.08888171535209298
0.021549797492876294
-0.1396878767956829
-0.1430928731289772
-0.1267943335763721
0.1757166544841519
-0.08775448558424435
-0.05401879651013117
0.034886937509892225
0.14507225874817986
0.10656912400075606
0.172102826532307
0.14353311574090588
0.030440429043090803
-0.041241072747519876
-0.1852581472130331
-0.050446450308490494
-0.04534620882033648
-0.10757778863975913
0.18054903570748262
-0.006232037547209005
0.014062174193331304
0.055231419536354825
0.2095129107133382
0.10112005323425159
-0.08869851062858283
0.15225179643290884
-0.02450317232981212
-0.0214673167007092
-0.13677931624031997
-0.08960651388548031
0.027599914502670055
-0.09884948659903144
0.08761860169682097
-0.020972258506329135
-0.13338484003166992
-0.14730908852638358
0.02370730309019779
0.040289289708875645
0.08928025009818052
-0.14689270267746304
0.1675521047877765
0.07084656238449093
-0.12488678961228328
0.09040394379136991
-0.04387733980138884
-0.09958060259446234
-0.05562759621191671
-0.11488431173716555
-0.054467238291128366
-0.12879001655747524
-0.16081359244806473
-0.017159801993653957
0.041718940749687614
-0.03011068746313593
0.1190804247054436
-0.09140088288766329
-0.019971718829994052
0.12831723683482013
0.009162185252906399
-0.015680756252102857
-0.15682470316998776
0.11272431168507739
0.0015203142614308488
-0.11148624548367274
-0.11890271663639224
-0.16106683593720972
-0.023291207509471907
0.01102369331269352
0.042200250559929625
-0.02141218456929807
-0.03679701478782688
-0.041770690229695054
-0.17936811065311464
0.055355913083349265
0.11897709538764686
-0.07148916773828554
0.13921118662405313
-0.07332625018266944
-0.14191124897028856
0.020999488762416606
-0.0810206884119944
-0.11007384831619185
-0.11228193485451568
-0.0047697364862196575
0.18606488821471526
0.02662123724631884
0.17123636650526883
0.13791808155298016
0.13388147278346588
0.09166234468535378
0.13397971540035225
-0.05400587439205625
-0.12304961808775287
-0.11016157617637742
-0.12114045144074931
-0.19476388475477738
0.17352850699629888
-0.15917197286084628
-0.07444530168848922
0.0898993215832768
-0.07271362518285099
0.00600054923556177
-0.03841901566011638
0.09697462699742006
-0.05428285469787602
-0.05888907962304908
0.06948315822515369
0.015115598670249236
-0.14339506599684362
-0.06717211167899304
-0.007258596868244719
-0.06244887329192602
-0.1809143919070938
0.1264930248596122
-0.012473442417127587
-0.0020168099201472375
0.006635327107313499
0.1181907865803426
-0.11491685173185875
0.005600365818222976
-0.1982747603858567
0.062353916478880986
-0.07787975085746589
-0.056420181910732455
0.1602241569698302
-0.09323605842452233
-0.11148858238663907
-0.027966701102812398
-0.015484164862543537
-0.09317342468465048
0.07713568904057344
0.08208735281410327
-0.0447639155222709
0.04123046821604177
-0.024580885798791575
0.09342882057565731
0.03399232588956619
-0.08269785285875979
0.053375003826701656
0.08718866570222288
0.2064374772165913
0.07599783595888689
-0.08708666924447543
-0.13096680488512305
0.10739161524739951
-0.08804367520860193
-0.1475347015845445
0.1371108569771639
-0.06405866712164043
-0.0758395279447919
0.06363804233657418
-0.08388783334981734
-0.13814386510420387
0.02966040828757094
-0.02958559002311082
0.06148257181765356
-0.0047127454017237514
0.0352676539942879
-0.18317623307336292
-0.06373183045205154
0.15731053995079455
0.11819437706847198
-0.14381390363319957
-0.150388131319673
-0.04932503689931998
-0.019108739227451096
0.14675705017724355
-0.12307895428215115
0.005574697209523242
-0.054631552630975896
-0.0376680703146853
-0.00912346437744004
-0.01965308031663715
-0.05200171351410418
-0.006966792567375648
0.058266690469486696
0.1542464589755646
-0.02145695626173359
-0.010309920717644945
0.13610358314472792
0.005278777789414745
-0.0658504850476935
0.1692148584394058
0.004137343553049076
-0.029634195182169146
-0.14611727009874018
-0.08278046295937308
-0.060799866054662366
-0.16814146296466548
0.008465599227523714
0.0002559207274553443
-0.09666142556588611
0.06857572316025666
0.0996310974999816
0.024914672692793703
-0.005769750688312871
0.03610797647129726
0.11081180229295211
0.1283684062224181
0.17918352198183704
0.23989821683038917
0.05314410219455096
0.09734936162604688
0.05329457348765445
0.095493573191265
-0.013259502551319819
-0.1148070789775411
-0.11771582357467149
0.03578603681872551
-0.030273126252769175
-0.12552140515319493
-0.1211497216172649
0.009030856554087885
0.026106015550717586
-0.1578707944114463
-0.08416670956615695
0.06240489921197959
-0.18519719628808792
-0.059779918423410454
-0.05844913581322119
0.14922621886027843
-0.08841888047736618
-0.09895428693690217
-0.07166876663311446
-0.1553670602130387
-0.09961385780178945
0.12113986825718354
0.039276244800803814
-0.163862667954243
-0.08018924690879997
-0.09869530162999254
0.08262058760385002
-0.044748081661644325
-0.0025271793172221687
0.03892633182844928
0.00740969561212339
0.03249479196625778
0.04430124478769749
0.10831387023415184
-0.09636818307895041
-0.1650640916220124
-0.11010277979758452
0.07840877717861226
0.02762937572325052
0.0352350513689493
-0.024137884367409268
-0.14857758515403086
0.02266857606810038
0.028410740975974638
-0.0008435953373118699
-0.06651035917651935
-0.11328705673679369
0.1794627626026232
-0.0044328980170224444
0.09976740532334348
0.0363774630641165
-0.04186226178881804
-0.016522722489523762
-0.10572782610612318
-0.10067808558065551
0.1203314228201636
0.06530797973549182
0.07604580319107387
-0.019585005372654996
0.10940511528632556
-0.15259989056273762
0.028933069260059542
-0.09632615036691954
-0.0024209036310723986
-0.1970464973644508
-0.05075574789727337
-0.02765691557545245
0.018958057003940324
0.1121178784793284
-0.18427538769823185
0.11307917247973266
-0.08190674627186684
0.01832119449785107
0.009161777540459076
-0.06346171562768321
-0.08338031580770167
-0.00284454104434581
0.005888219855310852
-0.1308351419586457
-0.029744813167008523
-0.18180536940823033
0.1253995093399954
0.110308786585411
0.05733561919124475
0.09856131254548053
0.10540389979866908
0.12068066963297026
-0.06457237468675016
0.07222506206214585
-0.08516136744575105
0.14246606889182434
0.17891430981980047
-0.019216897384153553
0.09528500929338156
0.07397439523898895
0.1549909780475227
0.09372511764368696
-0.009022153010978076
-0.11538520251586945
0.00933632488138755
0.08950680862870752
-0.0735594692548742
0.003083101481743871
0.1360054173448014
0.05700237282823044
0.012146266147761297
-0.24872773235886156
0.01148881837831851
-0.0048090478098802665
-0.0039253155486027955
-0.09426413343184872
0.08708702449776128
0.10973656865787676
-0.108445992334347
0.017074650726826738
-0.1851742955545053
-0.013914041405355118
0.18707211515872238
-0.08215142809505302
0.06771507419817176
0.056949090398682685
-0.10061065399642558
-0.04976815037008554
-0.11795257270073888
0.10893676532832064
-0.024600684600433416
0.10770796634551068
-0.124916778953749
0.09915882245081414
-0.05383538648129293
0.00887833932496476
-0.06585534225930356
-0.20305640726912585
-0.05116989074647093
-0.12173052549322096
-0.07763972530348201
0.17974526230159807
-0.07495134378944095
-0.11632613178835874
-0.08311939815521341
0.0014967106007509824
-0.0019116728743448373
0.15577442535103223
-0.09344723379083845
-0.17409737871167516
0.08073363555081876
0.05204216608406846
-0.13265458526080706
0.22801705973773112
-0.11616514306269658
0.04194109886972186
0.1491770763691827
0.019755575836356534
-0.09334885163858302
0.02335041871994214
0.09621904981294949
0.00626396667562941
0.06405928743127168
0.17073398458950073
0.03336121982518106
-0.16902265364672583
0.038279194600019266
-0.0512181295122627
0.07539067184164808
0.07631124339400147
-0.04786344094858691
0.09692036399673715
-0.15411304961346714
0.046593821829080236
0.06495696740597055
0.15041296243455593
-0.07918398028991162
-0.11106647637595685
-0.0014720109130355419
0.14623654932233043
0.07541888783202245
0.11699411090193701
0.21155385183722142
-0.24526809444542444
0.16017118610811085
0.05682776190947478
0.056482811761867646
0.05964478303041079
0.1373253291107339
0.020785389423675662
-0.17285054560212249
-0.09411630810716158
-0.16453931641266514
-0.06339655857740484
0.06934419286553194
-0.029568909929408665
0.09131436606972289
0.10163604975241701
0.12919780440666517
-0.004388556041202456
0.16006689013463657
-0.019618531588208855
0.10929013132854479
-0.14425431253531393
0.012902228534353608
-0.10602225718287199
-0.122875219515511
0.06002022996587918
0.1353758090819467
0.0016764597084720108
0.12201018647417702
0.13247034277442266
0.19399961667999036
0.11604166120656395
-0.011003198981048928
0.12971902451934406
0.04301459571641448
0.051485711119879686
-0.09930383632323703
-0.1408468750268131
-0.06339701141293079
-0.1350786233444787
0.13906466426899314
0.2333602768885328
0.033875944602993736
-0.011986659561371389
-0.09884698556059536
0.10892466580011537
-0.049460258710210765
-0.15344127186075185
-0.16154766001260543
-0.08065431399618393
-0.016436514405173505
-0.19192428530571914
-0.009243675746202709
-0.1685669562269312
-0.05541740414703572
-0.09112569496589439
-0.0860539598554036
-0.1386438913093122
-0.12549435790711863
0.11746472824604566
0.11305382015827878
0.11188436822671974
0.031072344106670972
0.1449837073887877
0.12655223996089884
-0.13476580964032914
0.17582622755769672
0.04410008764096917
-0.07493287754350703
-0.07559358877307164
0.04817874129814157
-0.017006393139965163
0.04078244293041432
0.01702933224786444
0.005884078438829544
0.08665824293565023
-0.031173215290478222
-0.03324413569008703
-0.03728763858129723
0.05830849044008008
0.059626897959176015
0.02273024476649328
0.0794404573567741
-0.12948616136662705
-0.02947496977956956
0.2314373552205063
0.11604815988703232
0.006867352808886791
0.026849877280096666
-0.05282606949920757
-0.1891174802516909
0.11554217345038717
0.01612378450613222
-0.16548278817380369
0.10458265424230873
0.1867748803662989
0.16029118312511054
-0.14242708097701884
0.1582389774055407
0.060655116791742535
-0.06474140020460656
0.13472824151924517
0.09765467336330604
0.14589593971985754
0.04730676970900825
0.06032005803499544
0.13568638342692388
-0.15097424348488173
-0.027305017376064732
0.11407651615194281
-0.11733315773316794
0.10497413560273915
0.19765017707374166
0.00993016172726023
-0.048025984455892415
0.15244194775637632
-0.039083951111157984
0.12639689342701577
0.005639691786680181
-0.11853457917449571
-0.14437252548845447
0.05193581123918387
-0.1132441958019477
-0.10620748014179045
-0.06718838401813597
-0.04432102530643544
0.1082281228996397
-0.14688521132986293
0.038796850118548463
-0.003864206836655266
-0.0439240087281829
0.19961507086243838
-0.09857534062688707
0.01627879243326384
0.042296589348707066
0.1102843372772773
-0.14944458926920068
0.1767393621939983
-0.10269802196145766
-0.05001232505605635
-0.007003848707026206
-0.008166733509560136
-0.16903148181242295
0.1199780626683679
-0.20631127894039095
0.05346320735002691
-0.03996966387509523
-0.16627149088053306
0.10841124021909004
0.16148525952759657
-0.036449203787267355
-0.004664255009938329
-0.11943192145205747
-0.16898376924181416
0.02435180576651199
0.01310394925958826
-0.048740812031992015
-0.040889086831992
0.12573527843152457
-0.1752498825174753
-0.17453921748088425
-0.056219377509515646
-0.05131152345749347
-0.050064030177414925
0.009075626073349403
0.04368242995117673
-0.10155126750635196
0.17794672913060952
0.09202414180542182
-0.05806483946916654
0.16363514094487763
-0.1731256543908985
-0.1743992981498231
0.12467269860559169
0.04170007950531025
0.05398398883542538
-0.1945803762793589
0.07088078762675902
0.08276551071273687
-0.13913078691942826
0.12504653195679177
0.10756915245782452
-0.14437331987744942
0.010125557372325724
-0.034777132298438866
-0.13143171077690172
0.029526207832732597
-0.022449853929075697
-0.038852090739519285
0.1843309886828669
-0.10505139399150104
0.06972482991067637
0.010825698201246112
-0.19160787925751896
-0.10537048703102045
-0.028272044422162388
0.0074320597103490395
0.06168328410463776
0.020195310143835778
0.030323894668791613
0.09831971667263562
-0.04200849685469969
-0.03590993144905208
0.16735163634304243
-0.12100636549837007
-0.09283014787128036
0.12426155536224606
-0.13839598771440795
-0.13176406500266397
0.20382836533071147
-0.03677851685492996
0.11520515291705889
-0.08036705295018903
0.02432788344726807
0.00818692199825115
0.09667763524701559
0.1706725796315404
0.10663459438263757
0.025523714601043936
0.010214962749029662
0.07612360706398776
0.15516867810880636
0.16358191579939443
-0.10809735882144428
-0.09682730374324787
-0.07723306015302056
0.005222126478585393
0.09043709322137403
0.05632340430797861
0.020087886191010918
0.0939921129386713
0.09953049866650708
-0.04244117980047838
-0.10648233339309703
-0.047017390493521945
0.06508367207844744
0.004766514805195085
-0.17247566776901452
0.10180278844241773
-0.09299087606755947
-0.21607726239893985
0.12013445945691001
-0.010404388665290823
0.06175104725595529
-0.08992265055350596
-0.02191652809255235
0.1714444016594245
0.01021707455973401
0.07618872420238476
0.07951268268162529
0.179970364240829
0.1741901292476228
0.1564985034777934
0.09140921188220365
0.13809855224409462
-0.1115762078002781
0.1111008125624655
0.06024032658574415
0.12252991301774907
0.04339894694924743
-0.05854423343819351
-0.11739697093379223
0.13245551789199533
0.09378152813415402
0.06744113263227323
-0.1207118579956567
0.1318246718158518
-0.15821268519448223
0.09086464500620733
-0.07245220845707874
-0.16105070035003366
0.07554340867450483
0.06410016866120208
0.06719689356716646
0.0790990104114643
0.009820760406651335
-0.016439488543249902
-0.022448253482003567
0.09993721747797792
0.03909905122253163
0.14129470905723568
-0.07520913002281661
0.021203643180270414
-0.002088216771972677
0.1468647234049587
0.09480803476869697
0.09873511836068202
-0.06664976659015795
0.051905904684073995
0.10725149152838191
-0.05609898437045626
-0.0923916366233838
0.18500597629902973
-0.131775350510253
0.028745286458462
-0.06522135830395565
0.053554047893704014
-0.16468736696587918
-0.1292251385299784
-0.0422748456710001
-0.11087213245311003
0.13716305027003833
-0.1900251863644533
-0.015006321989997375
0.0540528562633132
0.10476209601005708
0.05888243249099177
-0.07552749875967939
0.07465613595567358
0.09894012773565573
-0.13913110444071394
-0.035322323294568254
-0.00876765030344157
0.02985776445535882
0.08674794503523171
-0.021741774548906745
0.15263682333763273
0.08304128167803754
0.13202904005989213
0.13042805497833596
-0.054596352291350424
-0.15319185669720337
0.1493733949486304
-0.12825098814191524
-0.08258332971258445
0.030280188724426543
0.014631716963526727
0.11803050541717196
0.027360441026760253
0.1340927523443769
-0.007596902016953232
-0.06670288274742034
0.12893366802322656
-0.06136225626328892
0.14310050162473267
0.029925595740269772
-0.011934337350353229
-0.03360606045882945
-0.0026923854904548575
-0.07958204220309886
0.15000306290647278
0.08993241091368155
0.01027330519694407
0.01707616639486779
0.1574650664378134
-0.02789032212793685
-0.058917372172152226
0.006544222112279901
0.0433766969457567
0.04732043201805809
-0.10606626253821781
-0.19729328753968872
0.05699504178178651
-0.052227064668509876
0.11911102665500667
-0.09258653471858262
-0.013655897829941735
0.054963715378364156
0.02141459262524196
0.07532569362274327
-0.09384526967363822
-0.01801025679303843
0.06146427153214662
-0.11378476874945954
-0.1365167661590084
-0.08078498671910174
-0.12053335122225207
-0.002445193840001896
0.06286165844874211
0.12415722839870351
-0.14083326638446725
0.16965203574871185
0.08928427303952179
-0.01908780067945207
0.18690882403686113
0.0741271268032724
0.06821895232368684
-0.07834505613690197
-0.043121061891850075
0.1270721072256174
-0.07918843817633078
0.0929852424734333
-0.14369456271012476
-0.1314503766875083
-0.05824026853747187
0.0028012720318348894
-0.18316112822932953
-0.028950247196810643
0.10596844700586712
-0.15188829301000337
0.08515546495997943
0.15496090793452758
-0.12353447703286534
0.05354958664125743
0.04352395825223899
0.041903310609153456
-0.027346488800223296
-0.049894810330231486
0.16163807772334618
-0.20149555935051833
0.01761032647292733
0.03199288236673274
0.020274843057978283
0.0019305166335855293
-0.14928597490856818
-0.0664124334771949
-0.044195472480273584
-0.17154757731393816
0.06414548706520048
-0.1481878263229621
0.07296885792862497
-0.15891991082162035
-0.11842147514205502
0.19577678630906978
0.017106407242913776
0.049520731929637844
-0.030740909674684912
-0.0446393713997915
-0.03363001345058329
-0.06519005487951492
0.19080369813366083
-0.11550728498120887
0.04864932054409879
0.1629350949856614
0.17025941281834034
0.02441515229870302
0.08328940819825645
-0.142308885419591
-0.09519512752852492
0.00420735063920317
-0.14656361057305142
0.11133027071482446
-0.01599433652970464
0.19728879304156632
0.17793387139040778
-0.04176647804503776
0.03287599135050951
-0.15062130722436953
-0.07633764055167488
-0.1042560650355959
0.16324846032688306
-0.11887643774031066
0.057360948380000734
0.003890196178144031
-0.14202710548691314
0.11635437040163266
0.0373012884725521
-0.01656879133523314
-0.1549943383256502
-0.07071516518148926
-0.09829550630523376
0.027807508358701057
0.08122149837917347
-0.10879913119459024
0.08045507081256621
0.14576276782456812
-0.06852897635750747
-0.1569188564840793
-0.019399955817682
-0.061788790395318524
-0.13086053412985124
0.02846333706763676
0.108948679812824
0.0654570877201636
0.1626889801228901
-0.17403796333455673
-0.02684778322914181
0.09826217208771722
-0.030688605832617902
-0.0021980857248568575
-0.14291791686516622
0.13223505965085566
-0.03726377280578807
0.09304599380370443
-0.17944560828900744
-0.10480416333119538
0.07795196766533936
-0.12831775245760518
-0.1439269037986059
-0.12589402622898516
0.19649581532700872
-0.09166404861166057
0.09743592448670123
0.07153585306092096
0.07779231568608287
-0.006107692154956381
-0.0948347969720545
0.0030118763199695267
-0.08220703548484258
-0.02268345027303743
0.1114766445585994
0.09873363079167283
0.07289945468100519
0.11847667234541669
-0.089404061263437
0.0780624135930932
-0.006820888108118347
-0.051795288124681434
0.07918146518465087
0.22134934285696822
-0.018158908157278414
0.17506472942395504
0.15357752315651985
0.05842035610034722
-0.1694392781629133
0.08385096662011741
0.0024123175635958104
-0.16372002699472668
-0.058782943350266514
0.14154633390958243
-0.13504128777223892
-0.12389639718688568
-0.07305530471555653
-0.0811879709354493
0.10266810268667675
-0.1579658631230843
0.12339093103666021
-0.09163921001989933
0.08743888044901517
-0.1588785703500827
0.07089071207808999
-0.08561352305169752
-0.14519893685724083
-0.0792562762585219
-0.0022242430970852707
-0.02186089897196172
-0.01490525695841191
-0.09060108231430702
-0.06721610928829935
0.08737725515866662
-0.16728994965901844
-0.12043432172060865
0.19103325161635207
-0.026728205151164627
-0.008555312006160123
0.1745824631401159
-0.1293150282989295
-0.022673018010336186
-0.027187579422841696
0.14525940504606952
0.10686329037972811
0.018141306856714237
-0.16392272909304817
0.06236046373656251
0.04450541996824591
-0.10134466787442077
0.017883428641762376
0.04770348032220593
0.0592475967315371
-0.07966648435094556
-0.08589911446155417
0.1088164283297214
0.09290223894888146
0.12763644022248533
-0.027175631197347408
-0.008965274915662338
0.03086635684852701
0.04561935477435769
0.028891094315037055
-0.14342284216975865
-0.0597076116653818
0.06895252731677294
0.14390880054169464
-0.0197251773556837
-0.15355598886963917
-0.1870571264212676
-0.11223486587707768
-0.11627679718625368
-0.0352012002345796
-0.08105841116354742
0.16600269079262236
0.013911824826143056
0.0004344298585670193
-0.1280209302268467
-0.03554816320294276
-0.04851933601694954
-0.12817059176114054
0.07594293163606039
0.07552896905149652
-0.015058120086251073
-0.16529349636565477
-0.024121558024383975
-0.039721040214449554
0.0021516196393439606
-0.03748306132716924
-0.061516410884754284
0.11997551981443431
-0.09153497896389855
-0.036268490819148604
0.20979728937514883
0.08009357514540727
0.12533515659652372
0.1180623337220438
0.05313839472772964
0.03596892029905139
0.11284932004803708
0.10801401276748217
0.025800706043339283
-0.04119960305424725
-0.00762019948411101
0.1453553833847043
-0.006284404112842122
0.08393951518430988
-0.08110904571616619
-0.1609013403598471
-0.1286789967090307
0.10886931425477232
0.17849799845931527
0.133045481635141
-0.1426306203754073
0.13339969668389248
-0.0996144166623654
0.033175386018881745
-0.14577792471746065
-0.032990008370589644
-0.10685336074273037
0.11852702541317363
-0.1394231025773991
0.010666754443770727
-0.08762099860074554
0.0479656067463443
-0.0688944484548096
0.08971842619367135
0.06846599271680108
-0.20306214469782582
0.0877110489548433
-0.01207254436102689
-0.07986534179672726
0.07530877331203036
0.01835526454966919
0.08291286922280024
-0.0660971263143946
0.2235871752023411
0.16416711178264853
0.1360485065659704
0.09525603736742272
-0.0035364679848480757
0.09580189823343557
0.07221712186724517
0.05731210556315783
-0.042808902953096126
0.06639458390009143
0.06417102850433992
-0.04846963983229364
0.07450513427637684
-0.10336943237816303
-0.07074541502774409
0.08023860727681288
0.024450010075319543
0.003749155740587065
0.028734797755129268
-0.0731017852963256
-0.046179399355482674
-0.08771684353878245
0.051075615470144414
-0.09353893045222808
-0.13381787659067673
-0.04193888292519365
-0.001809736297100326
0.10962985739722252
-0.05187679650348677
-0.012812489676866065
0.05168891281890731
0.06015891008400308
-0.01370886146554191
0.007547737859364689
0.20852108115619636
0.12284484457402776
-0.061714733653242586
0.11010764350637765
-0.07645748270089665
0.01987666837352953
-0.019465286770564194
0.2040435230223375
-0.08144371556336877
-0.03555041744786504
0.10538313308208475
0.08460163223279492
-0.1532759089002261
-0.06268943199425699
0.1579645753883872
-0.14565579377156893
0.08161375078758742
-9.648293993917933e-05
0.15501277416818002
-0.10763223253269841
-0.04431541994698569
0.08552103312113836
0.03852628845891972
0.10109250221812738
0.07058669141856484
0.1345031892348951
0.13667249437621204
0.05680103264105769
-0.08772962762605244
-0.07799582426214197
0.1227855530941552
2.3329196269759086e-06
-0.15391965292337392
-0.1288552305591308
-0.032794095765456895
0.07537018826594129
-0.129852909140229
0.13232509184953556
0.07309493016923191
-0.05693822600136345
0.10811033953134283
-0.15951022777083956
0.0491539797139356
0.08327380697580537
-0.034133248326577006
-0.14985866136059312
-0.15624508160401215
-0.13034492432680903
-0.01437079720505714
0.11565887846598485
-0.04844386996528292
0.04851060380208933
-0.1737648665533182
-0.18268745649677612
0.05133350930112506
-0.05607967246301761
0.14206717718454295
0.057212393992235495
0.03369722134959375
0.034396491062194355
0.045553832557735936
0.08617085868257739
0.10777659951276042
0.000694395875415944
-0.1405224369832154
0.1309922208438893
0.09428687019951269
-0.013480187497000716
0.08282437140203079
-0.0048122284655736135
0.10593786781907857
-0.020595393725599025
-0.1553858373111194
-0.12960041991508847
0.026850147568738963
-0.19360605495745808
0.10362103152957816
0.2211284315674282
-0.09376821402659723
-0.009626242422361415
-0.16351818636737403
-0.09423724683712724
0.07539844637119122
-0.030448618155279966
0.1539587237344302
-0.04268613527931051
0.26312949146436776
-0.14474525546956757
-0.03011260516889986
-0.03426286489970121
0.028684890103119535
0.004904468480310338
-0.03027747725423144
0.12307919079773755
-0.17462992453662385
0.027693665315438334
-0.012673661325544571
0.2345590972178428
-0.02149425243161387
-0.12194792229150796
0.0030860726260932532
0.08575939251354718
0.0763881316831522
-0.06318267529219741
0.021389231904232097
0.09903637864171863
-0.04865604373818243
0.06707438402937002
-0.18627476754728503
0.02953031710413705
-0.11275845231457149
0.017128437750187527
0.09457054482469265
0.1360327172353294
0.00807597839755112
0.17539976056420387
0.11303325800910514
0.09096126697438446
-0.1319223855999747
0.01748057088732021
-0.02626604200783176
-0.07755179516372425
0.10695658446373958
0.029745664635928953
-0.02800610359521768
0.07060845113019074
-0.09087025617796347
-0.013164306429116002
0.05214206275160544
-0.10902364513816913
-0.03128180910249416
0.12188461832355882
-0.19040088765029137
0.032920969050706704
-0.14453831157612942
-0.12916421342927792
0.1063668060499982
0.018785319016778497
0.11152956010879833
-0.12745058294011088
0.015591298329891375
-0.1872207379382271
0.1672172197714261
0.09636100854368414
-0.0605807248013556
-0.08663392066956854
0.007856033786901164
-0.11120993036396504
0.052344965059388494
-0.1094799816834769
0.05209441363240286
0.0463185763355589
0.14639018211646027
0.0453634739517556
-0.1380892796454877
-0.01529163156822928
-0.09673979506054382
0.0977976136527607
-0.030898626942814162
0.0792391868281556
0.1314838943333961
0.15073023877105082
0.11858789279793855
-0.011874687303621456
-0.03841217064773837
0.1417066449453302
-0.06011514439492504
0.06800906128803062
0.030080723747255712
0.08248884623688173
0.06133680730708442
0.07055638341963351
-0.16726062918875756
0.09013337374950428
0.0003279828335283798
0.04732134387126736
-0.10568534702940816
-0.2000747994883803
-0.02781126824285395
0.00687153473620024
-0.11927876397127897
-0.06689756545786078
0.0028915086532837544
0.06408570956583558
0.05951661878271636
-0.06224212439045973
-0.19741811752333285
0.0860480999763633
-0.07582791440062259
-0.07174145935875278
0.046853902344192025
0.06171900091331536
0.040370496208195675
0.16866863028222023
0.12170053428352362
-0.15177283888751797
-0.0039035997201120995
0.009279410999228042
-0.1580763139298944
0.01785554128884719
-0.0005032970246295156
0.001091115330800957
0.20549470020003013
0.11294173696963741
0.1843079563230941
0.11389862809924035
-0.18302794085947835
0.1330645481687069
-0.11134204133366231
0.1051975326455168
0.033657457488514474
0.09101390295539936
0.0716235941694622
-0.10463148988575412
-0.1268971300311236
0.015225932670112829
-0.004587112993888768
-0.15212643552675803
0.18117899541310215
-0.10387716021637115
-0.026371323490122972
-0.05187099513077124
0.02275130704525189
-0.03558861214636905
0.03120843728433079
-0.07610903474763031
-0.1353743937672722
0.0034575234999006414
-0.02925166171517877
0.15675307845927103
0.16109158990094952
0.04926953443594001
-0.03815514875871307
0.017938215602350132
0.02240033088974082
-0.028105447450349437
-0.08579665008786236
0.11782845225183952
-0.13691116621231111
-0.1552579147402082
-0.049302149910959825
-0.012590483462399335
0.21855770507946065
-0.07499170575630644
-0.0305519147139231
0.028120539433196843
-0.05980769464264724
-0.13560857351272546
0.030823196498916187
-0.005870359695592619
0.15674420617856977
0.12750580955949206
0.16511909028750502
-0.1221985299189195
0.0606716112310054
-0.09307257133761263
-0.03991526761291272
-0.012488330960442422
0.040091931136467224
0.09115127217326373
0.11327630665795231
0.0056730780688937586
-0.06446795935962943
0.07532098864498339
0.0033847006354215696
0.11016353938616137
-0.04611216453790809
0.03734250199353456
-0.0009506648471717409
-0.20154110586837992
0.0675168927213802
0.16621084873828548
0.11040545119178549
-0.06943940462865066
-0.14744858095340518
0.046145862214908816
-0.12378056559440659
0.12190366823271714
-0.03578485682057363
0.09057930386052332
-0.06386724537323785
0.05115413338382135
-0.0999363590841061
-0.06922258837664587
0.07930095163766707
-0.18015699957469877
0.09165322195334072
0.12327296436395153
0.16771251099825202
0.14746779912510571
-0.0766436502632879
0.06602882456247432
-0.10296311614826349
0.0908385719386043
0.053952966244973775
-0.05117058593474002
0.006843284756740947
-0.038254461401359484
-0.11476684673832296
0.06675540895953971
0.051320307052786986
0.0624854305709476
0.040763040477220534
-0.14721009918492553
-0.06306877251796335
0.21266680950014602
-0.1261259874239095
-0.10722531044855109
0.0671870732294053
-0.0019540598276317775
-0.03973274151087873
-0.07548901909395019
0.14432180470677514
0.09512909949148105
-0.1342205264116325
0.1575840749836859
0.1879942615911058
-0.15202546201068012
-0.017959944333258072
0.0023058822463879825
-0.10327502570959751
0.06177927188278953
0.1438870459021484
-0.06955868795543274
0.1439223135346007
-0.039650625184335625
0.10356207297597182
0.056225464340588005
0.0953164203282072
-0.036724013547673885
0.04499229620474615
0.11977725882676007
-0.10139733473830041
-0.12273843521204081
0.0743825306426257
-0.13538433386639412
-0.049709786039231485
0.1054881445271014
-0.11638413528847577
-0.22402164271232353
-0.16585829335367128
0.09470897021879704
-0.10359574783228812
-0.03673970842912821
0.18529012785409524
-0.10457233357831316
-0.06575105769679436
-0.060783515651847565
-0.09236259272574997
-0.019005563850314457
0.044078023616872075
0.11553248652006906
0.10215068181012961
-0.06763848880880152
0.14802621696833845
-0.0916034356137641
0.049378931785154026
0.02803083639218273
-0.10839988075194629
0.17445071751812222
0.0678928195472505
0.09990732108786306
0.14823093957927835
0.007787797115854863
0.01821931745781661
-0.04879542446492687
0.02451770414856284
0.0014257554528530685
0.18736691571271602
0.03493755408683947
-0.0027166855222638246
-0.03842249141593841
-0.03831758961749086
0.16391315417972568
-0.06103115944708286
-0.18088380677272237
0.24786195190409066
0.11111026187944467
0.1252928151755536
-0.17350846208544032
0.10330900084030979
0.09025959855947206
-0.04951800773263001
0.11735874645792847
0.13746313192081083
-0.14347317991640407
-0.13023665843436277
-0.1147798657634325
-0.07900884806096312
0.04215590838570876
0.009449708002561837
0.016472788722680255
-0.12540966364400966
0.08931968956649784
0.016807893383150266
-0.09544052592375388
-0.0026285457903061577
-0.10549928641750503
0.08226287934975145
-0.12609993872423716
0.014731810922041932
0.15861701550487628
0.06856264000861881
0.17185290641886808
-0.10854807347442448
-0.08141276667660088
-0.10270885201902628
0.12483254730357159
-0.09061043718276882
0.0016082536826783234
-0.07615146373392115
-0.044589397641155354
-0.1290474233498109
-0.09301614448697106
0.021684913475091838
0.058194736288015636
-0.07082190349811945
-0.0762561357727915
-0.07781408126958647
0.012167704958301927
0.004743444287264542
-0.08415694248396552
0.05894840555036925
0.03938906390801104
-0.024099679412049334
-0.09647352206801844
-0.09597181567401615
0.05317982807928125
-0.11965329394836348
-0.050728170083019046
0.1190256691263461
-0.1105608724944733
0.005261263336425183
0.18473497874216616
-0.11716204472015314
-0.13011820914765238
0.0555573596146859
-0.10749930797547146
-0.08192103517057202
0.08980690936317412
0.1637576641584226
-0.0895098833859355
0.05368179572396274
-0.07430991875842116
-0.020547507193771596
0.04076872654269504
-0.044473494110123586
-0.12362719411508025
-0.027711998115739978
0.13343765321918713
-0.14186920297060354
0.062249939257017266
-0.1228939463176377
-0.0399617207340888
-0.018416940945230668
0.010550918088560304
0.06011598735246774
-0.0995330828158189
-0.07680559091954105
-0.01995674433401475
0.0059837503478211524
-0.03364725643545472
0.0516044534047667
-0.1199687420708932
0.13071329904532691
0.15561170861947296
-0.14411596962968423
0.08204837450018443
0.04296544231715067
0.02111739650983324
0.1026555234478984
0.06817249922379826
-0.1186621432764171
-0.10252362477833936
0.14789067590204022
0.17198166978552235
-0.0568728864571515
-0.07662751072389697
-0.12327252833449158
-0.14022398099297556
0.18845791448872826
-0.12282321401187297
0.25321063710913233
-0.04948134120641386
0.11907661467493273
0.06346363441420809
-0.13048149143525464
0.06911625243625624
0.03472287765200091
-0.14333606378592198
0.04963012098286175
0.1583154783705274
0.07250175190408588
0.04639026557073504
-0.0367089897363273
0.07447535098598382
-0.01971598488531716
0.10661393098367418
-0.16784420829536928
-0.026892726728880424
0.009633641552748679
-0.11027563999002558
-0.06906900808472484
-0.11309744345303663
-0.027391296421915026
0.03837370281393457
-0.0944900476063436
-0.1297897198338905
-0.12872898818886658
-0.12160360069312214
0.13328003930475235
0.03987381313002941
-0.0032245868709757128
-0.0932020456828357
-0.09406248398766821
0.041990559564288994
-0.09148784976791455
-0.02092806961789719
-0.159127145403843
0.20791251049390194
0.10890945056169729
-0.12826604864861996
-0.1026208614939099
-0.08662727096159303
-0.003635484464654999
0.00505109835734759
-0.12956603297352606
0.15517883170195915
0.16596542994555238
0.08685895072464425
0.043759537088793404
-0.04434818260341795
0.14032645088078133
-0.09855650109733939
-0.05488960515105275
0.0009089642821280668
0.04849333062377999
0.006547762217840367
0.11412835252234678
-0.02638629666868651
-0.042282322946786285
-0.09166319371575059
0.0712048144444465
0.05409490769305782
-0.0025185512792245653
0.11293525058810527
0.05503262388025433
0.13416485280404705
-0.06243673108001425
-0.08705070319270379
-0.07528278035697782
-0.1371042708129955
-0.0410816743464408
0.06918728986017175
-0.08602949692352115
-0.03982968252089108
-0.008055952677282778
-0.05664111305942147
-0.08260436792553635
-0.20256469855855888
0.13388803611504507
-0.0494159806349595
0.17615373722158204
-0.10250205175293323
0.11902250097584142
-0.06096846488755777
0.03174020239404523
-0.12258140322443234
0.02890492381627395
0.00607010080844498
0.06818662216076617
-0.04883311178129227
-0.11164487583542478
0.03299826091362516
-0.10630342136359411
-0.032638477446816735
-0.058808896094737696
-0.13330122964729765
0.1570091958767801
0.0028945850056974723
-0.02516201534319972
-0.07696050919526788
0.03524624215040412
0.03246463496051731
0.14142386421186356
-0.020395370040334593
0.1975601045511456
-0.13112190098990667
0.071223153472369
-0.035961395000574124
-0.14487483189291045
-0.1516240983600612
0.159527109107158
-0.04261188570884363
-0.08440968490631959
-0.1327148379333089
-0.009247712100420111
0.0017759850618851466
-0.02221994722845204
-0.09546532232205834
-0.1044714070031259
0.10779132886174418
0.011897154748098953
-0.15793030273048161
-0.06634359717262256
0.11853006879929066
0.06562921757523126
-0.22429006557853112
-0.04318840513760383
-0.10230274072689836
0.04085700744140387
-0.10541859396211056
-0.11749613935795387
0.12336802408420525
-0.10004642831466025
0.05734765622548307
-0.11140601711448135
0.09943743374811569
0.04922167623718612
0.12916226037885592
-0.0792459656446454
-0.09892134242107437
-0.09967646130891533
0.09010993224842306
0.07764951400079236
0.001254140923540074
-0.1082272833586896
0.11836738046822601
0.08587155564959714
0.12269235289728168
-0.015976818597805448
0.10854442957370707
0.052345325049097446
0.10493159680010639
-0.08781600603908936
0.01536278884617937
-0.11865513995822509
-0.11552401969576717
0.10525355431778373
0.04318892443900239
-0.022537048066977722
0.1461796746189484
0.14355307777492976
-0.14161353312835867
-0.11391186560915373
-0.03662246655623326
0.14770408205546104
0.17511124631960862
0.07283500967221591
-0.011105915917250853
-0.08060625582030594
-0.09481961290175143
0.014077890870918923
-0.14385290455689836
-0.020716164483204708
-0.048612586160253456
0.14743338579870244
-0.07611477819068452
-0.006041671984913484
-0.11505272039443348
-0.12026104814329104
-0.17583734674122553
0.004230453142535157
0.08896720707000418
-0.03694555124584165
-0.03248354051395556
-0.0889544663425054
0.05531405768927965
0.03272601679484093
-0.05655182594527883
-0.1048929947615754
0.1072493678845212
0.04324067354795577
-0.034985563032856486
-0.01104647018204432
0.13565264063153465
-0.07242052390231335
-0.17400915969515424
-0.0038982447982264987
-0.10521035433692713
0.14589099819270984
0.1298265531396876
-0.07145114117539618
0.15573903818078424
-0.09482414509636419
0.08455110720707805
-0.09023809735825082
-0.13794609458404594
0.14454679087289146
0.0643418273307289
-0.07664743378207883
0.025347404544676738
-0.12325882482773845
0.17625467481753376
0.08735812236911256
0.08236842850060541
-0.051986647710395205
-0.06338218217249712
-0.16660691997502022
-0.15554465624701616
-0.042171785361979706
0.06806952636241588
-0.08462866712860698
0.02961855131241405
-0.0909863066393406
-0.0011411807917324093
-0.03822992978148659
-0.1341383888786504
0.004519972312112294
0.03641185023557744
0.052219664464973135
-0.11934384056818277
-0.11019906919566518
0.15901329760256355
0.1768404729584342
-0.0876369730914112
0.07236391951504546
-0.13008247965672462
-0.09395848652327868
-0.0005006672056894018
-0.06029085773054079
0.12593260546888166
0.09146795807751244
-0.14382631569819912
0.06411128042321942
0.07329787871600743
-0.10802468612531124
-0.09583708878659145
