0.12558712737428987
0.2595266922343682
0.027055752689748525
0.17116734099213207
-0.13521432448689547
-0.11897997277000381
-0.2885072890231959
-0.10008073923499414
-0.21839448139683612
0.1778726119239256
-0.09354704385118463
-0.1580701902371721
0.12589620625461953
-0.2221136532551855
-0.08079914633740053
0.03956699311510134
0.2582780004516209
0.1542240863469562
-0.14617374142166267
0.20526698219576417
-0.09269996844803743
-0.10636166817352007
0.0659557321735539
0.12323952123924521
-0.22274953710957526
-0.21783454128679286
-0.09205642177657418
-0.006345453753285444
-0.021987038372122625
0.20805673492126783
0.012332718428361032
0.006617679503978751
0.13800107970645234
0.013767218484700703
0.081377576450804
0.11814776837156
-0.059199404317623223
0.31088540515433066
0.2532510006486818
0.18457655806939335
0.19241755243259281
0.054341581654039676
-0.059058506562652976
-0.08738152744313621
-0.009745734781058215
0.18839256384083064
0.04220946486001246
0.1735295901984777
0.13276659993470766
0.15186955862661275
0.1687796452077978
0.1881009858121367
0.21513889227137584
0.2518051376187965
0.22958010009346852
0.19400997129042996
-0.11876906477546519
-0.14167799982214974
-0.14001919054748396
-0.014302291141975973
0.09756226359506921
-0.00907642437622692
-0.16070936796806723
-0.18749549586226133
-0.10804634754593938
-0.1333443095917057
-0.12579948784076608
0.12596238948504837
0.029505979097948852
0.06670929789883265
-0.20829772241953182
0.12413225341170045
0.0009169363428850522
-0.3538617911399763
0.01106643627643209
0.19379703633817394
-0.23958080345660474
0.08089225327911224
0.14206588554893573
-0.019758364700226308
0.12654082202196174
-0.047006810963160894
-0.14036335883241494
-0.044973152715647835
0.04415259740176298
-0.17707533786374383
0.12081486226957551
0.07444978500768792
-0.04789862513483907
-0.19319218844310726
-0.06315076410034366
-0.04311121512967952
-0.00394674699545514
-0.03703218437438439
-0.1363044344629177
0.04342656900278417
0.06892075559256237
-0.16847330951139106
0.10444481881539533
0.04242587867688462
-0.031896214812122604
-0.05822268290835883
0.06802226855526775
-0.20570003977271464
-0.24486052013404921
-0.04388656140672565
0.13807822565069702
0.2374935079394126
0.27637436283115646
0.0832925952546968
-0.17203039769864845
0.06896197870936477
-0.00821679490950856
-0.15719771177673403
0.14991106713842178
0.17935886812155924
0.1532104421479397
0.231873778390988
0.07466328592815347
-0.05219090451724317
0.1875280244194228
-0.14512433374554962
-0.11789784442544883
0.020615063044322098
0.20427149624874333
0.18831594684311534
0.1402384341287505
-0.25317421631384524
-0.1303966197389902
-0.21832900974637792
-0.06926420107780162
0.09668830829928139
-0.01677514125333877
-0.009843581248681437
-0.058614223529717846
-0.15980706523821395
-0.1262999368091139
0.1862176159603799
-0.012693690978079899
0.08003087925497471
0.16828730849888426
-0.09112527002610421
-0.047257069907776686
-0.09831793549755935
-0.26425567963070357
-0.0032205642720851578
0.07402778298837964
-0.07935637261272048
0.1582350809020831
-0.18907441915772802
-0.09101255338429579
0.1789560140930979
-0.02017794471383594
0.035565833023625204
0.2091276814619699
0.21750017732795052
0.1528934260731982
-0.008528887032065986
-0.08477179907035828
-0.1707559786265156
0.06125801202371634
-0.25370351463163276
-0.18474149506253693
0.02193201651062817
-0.0611640960960212
-0.1529064843993177
0.0771676343401103
0.22355300857642543
-0.005498337100568357
0.03775606143424203
0.15920611054868755
0.04900179378847361
-0.21918522661384293
0.11484931312454635
0.04509694434761369
-0.15309617041520843
0.1128242114686538
-0.26070714392291333
-0.14971625813766215
-0.21287675595384092
-0.16034141290029352
-0.05788947719851555
-0.026374569951179695
0.15047001312285493
0.09650683714398588
0.020485733402923128
0.10711890137534327
0.001574507604140863
0.12326955028777688
0.2270834828794565
-0.19529292617849714
-0.12692340514477865
0.1320353323974566
0.138590594007985
-0.19747544887512133
0.20758502211185353
0.032036858779519936
0.157466109704161
0.04102168450532345
-0.1691608606637847
-0.1967374625907529
0.0034110831226935308
0.31418534202024656
0.2708524361843282
-0.10487845599807638
0.1349180513427532
0.032839276382158264
0.13492532075100383
-0.07840328348710991
-0.033860341934876845
0.10973790504604831
-0.19047298811547364
0.1688574687932233
0.17802684630748067
0.023348074009728124
0.2651331544010089
-0.027861312284217378
-0.15310020621413234
-0.1565979536182429
-0.02601067509587419
-0.003597901454988112
-0.027458166648013687
-0.15363119462609243
0.1894424626929465
0.015825803662852973
0.15606744172427708
0.0766768612042498
-0.10429507828448312
0.17161605176314196
-0.008883138595072724
0.07108109373188755
-0.2624178327649435
-0.1186119190040922
-0.14156370419272202
0.11005343545620438
0.056789566153169484
-0.1441854492529035
0.2469916821910945
0.188633218315935
-0.04702631994777411
-0.14126477760743922
-0.03575462934556948
-0.007222556704016538
-0.16640116880863412
0.004157088128305369
-0.13784123518780206
0.02921635541109033
-0.16231124663868832
-0.19591338812238207
0.15004034045928047
-0.16780792847498685
-0.2148894814298361
0.012025249044329733
0.08969534741154095
0.11560963878091278
0.17322680287540207
0.09062918291241091
-0.05326514182837132
0.002610781665415871
0.024124815542506395
-0.1388588150339046
0.01511894689495004
0.13117191821953691
0.14919596507283137
-0.22979096052748316
-0.07823983376419447
-0.015207990742735782
0.1635793631821247
0.14174999289744955
0.16462683239443887
-0.030158984878883563
0.20863200764832834
-0.11168262684281671
-0.0709265738878737
0.17565865784239548
0.04976720456024069
-0.3050040488097786
-0.21074307512957052
0.12909244645866388
-0.08472887929542554
-0.22484838165563661
-0.323765633021512
0.16327790494061908
-0.22112476099771983
0.12261371492281863
-0.0043493226231557935
-0.05176058563881547
0.10427033293938595
-0.1857438699389858
-0.06258079911811515
0.2291137432649231
-0.17342628491022571
0.15500921957490013
-0.14871709766749677
-0.12854824367564033
0.04394448172418705
-0.12097828212371853
-0.14854846090531015
0.05035692433883721
0.04447897450499112
0.10393129906791933
0.025790909155877537
-0.21076550806168848
0.1555902047452994
0.11501703056904235
0.05914731884227739
-0.17037469819927456
-0.13494465258214333
0.045539050877866895
0.21128661058935524
-0.1535926828720816
-0.08438204869158279
0.09599259135463194
-0.07606198286153797
-0.23439270653991953
0.008218493092629515
0.14814634905776577
-0.11282634382199923
-0.12413029227481433
0.1341656565756572
-0.04506917545165632
-0.19275205935669937
0.10949461841403754
-0.3010529836787488
0.038494380901263246
0.13304194468720146
-0.20438581074589562
0.10021231583600308
-0.16830122015046167
-0.1266944260151
-0.10697561725120935
0.019037556965610186
-0.2696759941679502
0.17855705052325618
0.2514081683109925
0.0925810252764002
0.19041774288040933
0.02361533980606847
0.22854417007454333
-0.17060279559751954
-0.2201080694494197
-0.20938740564257882
0.0490883313229074
-0.1455254822778942
0.21134947532329218
-0.18899096213330843
-0.20528442644679798
0.07357825331299928
-0.03526701313164213
-0.2729132125826931
0.0674636284134181
-0.1470666337717967
-0.17776640030888183
0.0130190692295196
0.17486818646825056
-0.11774937078617201
-0.08372362274628245
0.039365280362694516
0.004560406791049974
0.17571012950921305
0.015728505456290995
-0.06996738027424958
-0.22187833458447098
0.19283328815821327
0.1416410292428355
-0.04912018619783607
0.15062744534608322
0.1281651761755153
0.18765158233901613
0.2701810044479439
-0.1869525757953479
-0.1156683984451122
0.05101448676549107
-0.07816988792348538
0.08669897665500474
-0.2276074635353841
0.060869343459865256
0.21919262778703455
-0.013006997316487955
-0.019308906192409957
0.09065260397844135
0.2084273647582082
-0.16575327456243183
0.2287748206917334
0.20925360070637086
-0.22348661229989514
-0.0016599917460935305
-0.13456508053630786
0.12268762118978918
-0.09148993240881123
0.19031940049765683
0.30193981829770855
-0.05539982171692935
0.028734317832690436
0.09786890180635427
0.06529857604705655
0.20876119143933064
0.07747544326408087
0.14487140574546659
0.12486804342009927
0.07357990337655866
-0.16901999695790373
0.1661288113739527
-0.204719154380111
0.06145591823021294
-0.13597222586461963
0.20228550120527622
0.11343811864988589
0.12593566968488834
0.26135114684749583
0.029080103015657287
0.09696818149663687
0.0002754566866357735
0.08484899751198433
0.07246905355819021
-0.19243135662328345
0.2011586711302483
0.24006259358134519
-0.12843848596276167
0.030306952180906878
0.09010237956217237
0.16636825409979805
0.13492922502017518
0.014218047502118542
-0.13064107880185594
0.12819885261554323
0.18774730233985942
0.17765760676989717
-0.034331512811581505
0.1757299195984151
0.037313219944856285
-0.024895919568478003
0.20595024624253816
-0.1454877973709914
0.006387420986909883
0.027584001386757175
-0.10724668782779564
-0.13194529495183363
0.1564279722351482
0.0745266449346622
-0.22248525386702153
0.12322117237045589
-0.10833940256284934
-0.13454335198360437
-0.1227717599846178
-0.24733689752907675
-0.2265198831053766
-0.1613185204653405
-0.31592865851922786
-0.0663381645273407
0.07331514232349001
-0.21836244162421128
0.08343014831090712
-0.09900037046776283
0.08295130586175972
-0.2902007723230246
0.08976672954645025
-0.14187500418652038
-0.13810507131384936
-0.1039094218225173
-0.13200531935331794
0.0015622233409117502
0.03418962389568417
-0.01112859947907614
-0.017967259679565556
-0.17276182536278123
0.010241689503237278
0.14327928786823474
0.13536757657596235
0.1603567347075041
0.029512083127834356
0.011082090213204136
-0.2172549541742002
0.017272467646548408
0.11549306995530237
-0.07618796922143958
-0.09178448760994573
0.13355502708585684
0.053978006033960566
0.15793235693179852
-0.08350722887328359
-0.05492370174430571
0.11543153147032453
-0.09593119039736663
-0.25156127356167285
0.02312407602915545
-0.19367804618262124
-0.2057971150967202
-0.20091321159298103
0.18865789528310212
-0.13386531020660622
-0.04035580895640303
-0.05208180151964495
-0.1625708998820209
-0.06594468015632812
-0.1566115824410464
0.11998963743334623
-0.17347834767762257
-0.1431462959971404
0.03920202857090225
0.08607792219514578
0.14192845496826242
0.06254391743197192
-0.10025028801742451
0.2231909400326764
-0.06750773294119485
0.009414169406990315
0.2335389718338898
-0.1651509970907868
0.15594611543134287
0.1003362905434384
0.053742886941948835
0.10658867223839616
0.09494572969539491
-0.21709320122712555
-0.11699489833668557
-0.22890332243616526
-0.22826983504515758
-0.054834538378121155
-0.18222568815767248
0.16389246818321887
-0.01077645291973741
-0.032808070302585896
-0.12147126650610945
-0.24641794989046728
-0.1594256546636712
0.19400303377422795
-0.018836748498316278
0.15695069296589692
0.08280469757905298
0.03807074419404571
-0.11555658775177392
-0.22511790077184862
0.15183788524993688
0.19932821383661029
0.11339735305202069
0.09881554522472136
-0.19549681070276007
0.1119540954393753
0.08836386452406489
-0.15847638139071243
-0.008382757481900925
-0.15142003530482437
0.13201998690549951
-0.039068474078177866
0.09929602735018174
0.12625090037064982
0.08139249157504441
-0.2015120720793147
0.08978012189566714
-0.07452445224910932
-0.17621927097210235
0.2565785469995385
-0.030785431417673367
-0.04399541529207231
0.11809353388949304
-0.14478700648613818
-0.10804482008878993
-0.21403204436517875
0.17149247115772798
-0.1369110404651914
-0.009325230476434966
-0.08043082203876799
0.10986737689698846
0.10915866842535521
-0.23759441304131687
0.07499752706782102
-0.07399777717757086
0.08230569776497824
0.18152768050189308
-0.2003426992623299
-0.2690391600796481
-0.1955451930674807
0.18665036669955676
0.2760668043200541
-0.2808492867089678
0.00019130232890708163
0.05802035945878075
0.023931439202811485
-0.13123552222749743
-0.19907413464875975
0.03635421651147668
-0.1809263831509885
-0.09272768613904325
-0.21562100068559695
0.015705902389609193
-0.09337576876528039
-0.04509496850980344
-0.057495897785679664
-0.036298966881560805
0.02782236299692706
0.10331003382307483
-0.08990626733167005
-0.1702673861496903
-0.10882476674123043
0.23000222949624305
-0.20612250355306133
-0.09909008086752462
0.1994641113086198
0.06471767780248493
-0.10656296302056742
0.06426479890777365
-0.09543405892136073
0.09566732729437148
-0.13503296286410787
-0.14227277483019007
-0.257173496652951
-0.12442625196989296
-0.1410060303509096
0.05967859409235107
-0.18545186626335
-0.05798691941771829
0.3346597534375752
0.1370188066839075
0.21904020242685368
-0.11792957498170381
-0.10357876026065715
-0.11177250917206742
0.22159574979088634
0.19588171639093355
-0.010996600954173699
-0.2207853026080978
0.0021929209687332313
-0.280422706725706
-0.11628820938620213
-0.18551219656722703
0.13829479767368136
-0.09120310068951064
-0.18255573010634757
0.2054192416894689
-0.04383492329966641
0.2511285414834917
0.14487399705791332
0.13276260401103063
0.005913260164539637
-0.2831182082529487
0.2387806099277204
0.06465967365837212
0.08648505100365524
-0.061609155139908105
-0.1449356210583165
0.2100738241761726
-0.06510456326950997
-0.14496219907250835
0.17461860073424051
0.06137471507575229
0.13325716722871028
0.2165881830785988
-0.14407177211042088
-0.18491783709457377
-0.09396854442044113
-0.18319231228369262
-0.14734312842141595
0.14955761945250773
0.05418148457787388
0.04414344544538729
-0.13677618062208388
0.14566479705209004
0.1644154288707438
-0.2313938985911319
0.024872673075584058
0.04468884604526725
-0.21634994543332617
0.1820353005566463
-0.1894222477936716
0.06445776137908191
-0.1390894515146281
0.11277885193256768
-0.10312407528676126
-0.0003767346074376727
0.03400289975992208
-0.282345101614861
0.11645939713969616
0.21595356306358207
0.0929269954966903
-0.05546539039427213
-0.05127303149261373
-0.11902517388674827
0.2020824620421215
-0.1850668086516423
0.08032535969275739
-0.010782425689868841
0.19357412358749962
-0.2779873566589193
-0.12649948517184473
0.28963497438790997
-0.14794172513118128
-0.10161882177254054
0.10223181207155582
-0.2336048386637093
0.03402027735451542
-0.0634074394624276
0.15495578566455454
-0.2695885768013191
0.012831977626550865
-0.05246064511283939
0.06756532014248061
-0.011657971484964351
-0.19007660743537333
-0.04855308291545882
0.2586923711831897
-0.0003848802801404353
-0.2281538773074053
0.11781192481744075
-0.17375124807660322
-0.08286746897205294
-0.2586511368065736
-0.022398737633883024
0.12714533188425464
-0.1859841960254817
-0.058346256182954866
0.06534003438278424
0.26863496462533537
-0.144800207411092
0.1561720532521847
-0.22961699760609047
-0.10088043716769707
0.06369314090475217
-0.13876986555747306
-0.031335642353760906
-0.2194182972466559
0.16989408817998633
0.0075090352921283075
-0.07813778280125944
-0.06332865609563114
-0.010501511660563755
-0.1339602726775266
-0.048867835017355116
0.007263894074317725
0.10366239278133467
0.13669489111158334
-0.025639200814929
0.03169057187100726
0.07654069719907204
0.037514712241014214
-0.21022375264282359
-0.2905039078223906
0.04799258401598624
-0.12449969673971392
-0.2053138395480114
0.08389831151512475
-0.011761627375192455
0.09720874857186687
0.033302175300804086
0.0053335324321139195
0.09990588095058407
0.0978231007536207
-0.19577732023953373
0.23267893718505267
0.1312030655059766
0.15765245435229036
0.2746735892945066
0.036299454229907914
-0.09969115147890475
0.1461980050567583
0.11392386096951473
0.13118259402399965
0.1108279655085862
0.27935694999608607
0.16226134949729268
0.08980434568165536
0.026882744279316098
0.06822697149798841
0.13013702046141548
-0.0037999026891498804
-0.29849109597310697
0.12219677556911807
-0.08882574097331958
-0.17796570382567373
-0.016949811568506026
0.2229898047861996
-0.08900176628575714
0.08878089241968422
-0.08289047899922211
-0.1891728147597007
0.08785412408102543
0.17765696679467033
0.12660677555621963
0.0955253202228771
0.17207493732645926
0.003428314540363486
0.13748528164746318
0.11137360783893302
0.07603817177363931
-0.07883000603580828
-0.34075819995218226
0.14509965511067993
0.007518449472934931
0.11592941091620185
0.1377704149574448
-0.08829692932217371
0.16192303629217564
-0.23984406358563443
-0.1559098755465291
-0.20811299325874993
0.12004267678415463
-0.146145353300825
0.09561690258092032
0.00901034213972971
-0.23325584553547046
-0.21373277519745668
0.21566780700017
-0.008133514116796666
0.2206567918733398
0.018455862145975683
-0.14182920022982984
0.05509339563025438
0.2198053811321456
0.14132331747896132
0.09426612421011109
0.06609883555277975
-0.09701271247571275
-0.20422904857809016
-0.22006374420850378
0.07388827256964815
0.13264506480570884
0.14854051176484728
0.11914459640624621
0.045721590682087906
0.009571645529898956
0.17610556611669206
0.11392407075180802
-0.0015398570187108876
-0.24459234164718316
-0.1064235082525102
-0.16933482892572038
0.04360569691614899
0.09497511728033543
0.13087319631181119
0.15947400278172733
-0.0755125593720814
0.2487096975774402
-0.07414251554378286
0.229660692384451
-0.09504274184716882
-0.17352651839538455
-0.26063909587522605
-0.09639957544417314
0.05798161691748774
0.15184949031999315
0.040591670595661586
-0.001772711768913542
0.1879466892990697
-0.10525395982223092
-0.016022925263956666
-0.06601366929206773
0.07495111458328156
-0.14368779458601397
-0.2557534732845076
-0.27548153287045385
-0.17864392219153144
-0.18446958632212018
0.06395459439491459
-0.0628440634699972
0.03631499738243353
0.03502283710821534
0.10545570197110266
0.23413270688092414
0.23631616993354604
-0.013237895247183084
0.07700533274004609
-0.04896777316841504
0.11943808584162899
0.2590226848934164
0.20142029699214029
0.01751276055187756
0.013267374654065064
0.05540379053333033
0.11331049859639074
-0.15345993151914455
-0.1581192436771445
-0.23412801605911088
-0.10643251498434249
-0.05336749525504835
-0.16282217168003332
-0.055618978688238695
-0.042908581776755515
0.03128384210435527
0.13943020173692797
0.2587604385378774
-0.11471953423463976
-0.13522548783095306
0.215504819456918
-0.12465704761528727
0.1686741703882046
0.08921507340492979
0.10738860671643434
-0.12261185750079479
-0.015426592420686912
0.10268447119387814
-0.15329108475874131
0.08162428958620092
0.03239005404677653
-0.25506204325062776
0.10028710751199642
0.08541316323829592
0.21231311952274426
0.14693786061648909
-0.14312018951488575
-0.3384997075714921
0.03344273110970455
-0.22451726419051993
0.18089984800637673
0.3302892319778848
0.045454979411564865
0.07368899118293064
0.14284308352958977
0.1405042189305643
-0.2496689791355496
-0.048630900562035825
-0.14718154201442704
-0.21331798345599226
0.20642537890522103
-0.059939391749830026
-0.12419322408658101
-0.1661465824293867
-0.027164575182977085
0.13294701831416422
-0.17366242280502497
0.18170541308024918
-0.005111955959257377
-0.02030292110961955
0.1863523111600059
-0.065910939288129
-0.01301874727338036
0.025254009884466962
0.15948550490194185
-0.2425595969818301
-0.17097583497445867
-0.08933791092613176
0.047971405528316025
0.16257804801927603
0.09684452212652817
-0.2047411739280285
-0.20506188180812276
-0.19629296939107008
-0.20662101406931344
0.14987571395646662
-0.05052088042865812
0.29159971841591553
-0.10665279418456267
0.1666119946758421
-0.17737336631306105
0.11759155403474449
-0.025969147947343573
0.12600539021338944
-0.01284576547871397
-0.23651151874496873
0.1773047978576417
0.036660906932873535
-0.2457041984987405
-0.20258035052691598
-0.0302656980981789
0.16026199822485104
0.015097108869575692
0.2081514742009828
-0.06740929058522804
0.24271156346360134
-0.010919878080575847
0.03684397737576638
-0.08626064052762888
0.10244173679251883
-0.06667627567261454
-0.12212470413225925
0.13276818988841146
0.21453785952486007
-0.19057137025544224
0.1120959374212166
0.3128056438648948
0.039025016906728494
-0.08462252563438576
0.19445442390670684
0.1642792795421113
-0.1924784793133359
-0.10111468931330103
0.2347618732385914
-0.06804961392069511
0.27277090063980164
-0.22383258905899706
0.08386863783008622
0.07201473611970144
-0.24026352911605453
-0.03259733329491008
-0.09425295608203585
-0.003723847148627527
-0.015677664639582332
-0.2459764839028919
0.2533913497033772
-0.1511445280893652
0.20819654238488097
-0.21810451180238585
-0.19185078880470685
0.1433935026275398
-0.1326492828846169
0.026015458555009297
0.10719500356232736
-0.2184121289559022
0.09383450733342594
0.096415727963989
0.053155014208743634
-0.20441726416490405
-0.12061501198760106
0.12336703356730117
-0.19058002362286988
-0.15429159234700693
-0.0786669746676316
-0.30617253820677265
0.06544125825110313
0.004439161317147263
-0.11567424942034359
-0.2623670694690196
0.1895913935982049
-0.09650535641721754
0.204675849354572
-0.013633197250165204
0.09694196923470522
0.09016440232184823
0.20498964989128357
0.022868919545749756
0.003262103096534617
-0.23697513736473247
-0.05665076597882117
0.2103730083489705
-0.12909959291746967
0.34891297067593163
0.06321621749065341
-0.14549637767562568
-0.0404957173080066
-0.02663908048972849
0.17337394804667422
0.06269041831950874
-0.02866796793157604
0.21808314919130206
-0.24145022180517037
-0.04669510485898459
0.10969115399863909
0.1260032489190513
-0.1764779796102853
0.20567702166033794
0.15990002132679093
-0.07450410835486215
-0.144027840738898
-0.22307723480697148
0.057968374933708954
0.3414420945318909
-0.15362712231864145
0.09443331616612076
0.18537392460517207
-0.0776692454068795
0.10292993529674042
0.003831626229002786
-0.2996350073492749
0.2303500578481473
0.08789519846546871
0.08245493445323204
-0.18743932512005715
-0.21848655948736598
0.04293738273700744
0.012476114720125223
-0.08916734203516491
0.23194027291423616
0.10502534771627949
-0.013221101358762092
-0.07559381542325119
-0.21247567664714243
0.20382503573353974
0.20491644973613066
-0.14749126013975344
0.2272891092741515
-0.029482534858781318
0.060170210692947805
0.015303685297217056
-0.018987769161559795
0.2309289418664375
0.20941472554267132
0.1118987332043098
0.03742550152501596
0.003952212260726749
-0.10774124991702216
-0.05765545423817761
0.1106350909141755
0.1573050410459924
0.05648100915120736
-0.01864364730423121
-0.005234030253636348
0.02467717253358993
0.1335163196695196
-0.16462959117932163
-0.19534169563184425
0.14511403969048375
-0.1505845415606704
-0.029443922514429836
0.21941107782026556
0.029335009151700637
0.13302170900739763
0.02197795948510053
0.0692843433606944
0.05500797771882833
-0.10602877521585653
-0.23903718628897738
-0.14410761020590498
0.030523128711616998
-0.17668208253652778
-0.03037188615801385
-0.24944621074455472
-0.16047068667873074
0.050962866347419596
0.18659568783347782
0.10875200349615823
-0.11312990748420451
0.17313438439878978
0.1379974015624611
0.07553604448795553
0.2137223386514797
0.18535978792096902
-0.1688129558319915
-0.032095954732214944
0.23234191615706992
-0.01711950016361621
0.23495348930084747
0.15001049726325005
-0.14062971873304156
-0.2632740002024867
0.02996972583367571
0.13109235690447535
0.17184158719559806
0.015400486836446636
-0.2805003683984813
-0.06444973322943992
-0.07526234754515111
0.1303183543320162
0.1498119195755992
-0.06366008449435395
0.08515250061266831
0.05121463162754409
-0.006495490339390235
-0.1298188459663389
0.09844522842474404
-0.26368023537064844
0.0311384353066287
0.08879330733549387
0.016427391132362936
0.1588849895879234
-0.07198562759432917
-0.07499702196772842
0.1729956310008937
-0.11779056589999293
0.1824310690380694
0.06214968279671253
0.04078655379447111
0.13696982016899825
0.112654409586952
-0.08780461086835463
-0.14169230973361902
-0.31045199322533895
0.0019186255780279714
-0.2776466139651653
-0.2568957118647294
0.06762056993562962
-0.034450158830120384
-0.20736234146683857
0.02611581315879326
0.06893449343757943
-0.02626170890745095
0.08447087683161342
0.23770586735028076
0.27298718954104817
0.19463413727265622
-0.09221448390850191
0.11081385264038322
0.2233231025068209
0.036039410129500196
0.18480560931999063
-0.00355624087204045
-0.28339020229617096
0.2161964957121897
0.044853986949882144
-0.1215214754267393
0.16885675606209982
-0.16216529449155895
0.11267741458269319
-0.03716914768854496
-0.003248262908340489
-0.03276515959182936
-0.0914513960965899
-0.07107027946615677
-0.16365163317051387
-0.18566868548754933
0.09762829320973081
0.09698040882049903
-0.07574093745267528
0.10775372691032724
-0.02088450345136652
-0.03015839814554432
-0.24490451330693505
0.021288514571784073
-0.08661655159097084
-0.18845482770454638
-0.013700962129888845
0.06623596842180512
-0.09421657333411959
0.17119361500960628
-0.02845000673634856
-0.11567828624210544
0.09018313726483425
-0.06715965813951985
0.20669161961313318
-0.12359969794111035
0.037149766972653354
-0.013541438198164599
0.11557117539451173
0.04532890818105071
-0.15031273616873883
0.2078683344917153
-0.15468327498706427
5.0350560077688204e-05
0.08278642412856119
0.14604489639097493
0.19614200657704223
0.17762992190948104
0.1783941861671916
0.21394052540868108
0.27275200259413407
-0.01945132467941013
0.06243372036128021
-0.2108513651595266
0.22973222899841492
-0.15966697410873715
0.14560101147068763
0.16481346972577268
-0.09033151214969057
-0.016892611577223934
-0.18957143297398787
-0.046202991687718985
0.058401725655549346
-0.23340693915731722
-0.16053658802071522
-0.08983355918412761
0.08830778992210066
0.03551591753151983
0.16210789430895664
0.08874577771787179
0.34653736167908455
0.03448175474052032
-0.025386865018233805
0.16869527684929622
0.18055030179919265
0.053254927403319566
-0.10312207564574595
0.18269143322683323
-0.17135683287300393
-0.06169707049642048
0.17610345356250165
0.10928311960652774
-0.012445893559754813
-0.08338086297452861
-0.048722934810845206
0.1196742032286442
0.18622156584861566
-0.098487345952942
0.06736749058014983
0.08174541122845069
-0.11885033491102515
0.15094363564269156
0.04312717986156182
-0.12504052111894282
0.2086001860900442
-0.12693093567365735
-0.25899455824195594
-0.1893115012548194
-0.1659856381382845
-0.21032591731332015
-0.09883449310699927
-0.0025950860099761665
-0.21773749980768284
-0.20174502339604805
-0.022486561415411988
0.15232738803383825
0.21100307519634406
0.19237952276267062
0.34628256448338657
0.05642579316811708
-0.1899934872086939
-0.11541551839875636
-0.12448966102010112
-0.13605187305289965
0.03940920320839794
-0.17341255037805706
0.1275361708241556
0.0039487308605612535
0.08149417865404489
0.023551928247060077
0.10633765609655807
-0.04771442353805002
0.19625066728057855
-0.07287648729072095
-0.004792185238970029
-0.11469500872162866
0.29453033605129136
-0.16628154976642096
0.03150633464909585
0.14101572075411936
-0.06304612505516806
0.0872771085864973
-0.11531653556430274
-0.09379119805041798
-0.032493425980173636
0.08318052459321966
-0.3155861723684261
-0.09159341658697542
0.08791065665827096
0.04412616130645501
-0.07472223606640328
0.14292857951263083
-0.013288341854479363
-0.21618292741272313
-0.009283441589582246
0.0704811545215273
-0.2933291521063103
-0.07306036284445208
-0.0849818583294606
-0.05612314310061044
0.05600336396786448
-0.2518778242126843
0.10037255484231736
0.15213470105714652
-0.043995227328054505
-0.23444777894585078
-0.03815399863153407
0.059241193477112895
-0.0585098256797817
-0.22821791013872048
-0.051320377082607255
-0.09866368781704912
0.18676028259643304
0.01474950197888535
-0.2592416818534515
0.15898292284595764
-0.020383189618522073
0.08545248286250574
0.11367489409100535
0.14890533906636852
-0.2841429625952056
-0.11590262391898186
0.00925226626988907
-0.16226964458618887
-0.11314925808123207
-0.2228736757347689
0.018767950590353733
-0.04399438558284929
-0.022573195538539266
-0.024910277929176706
-0.15960729521827577
-0.17461459953258654
0.13667335211954634
0.23894723029484274
-0.10618248568691052
0.033585323553881365
0.05240573497040548
0.003587958675864519
-0.1781971646742869
-0.0011451490883613296
-0.0006737853641832324
-0.05621832695149479
-0.22607931608926954
-0.0561783673222248
-0.20841607661092573
-0.21755903805104865
0.18460176826969957
-0.21555399648083115
0.11311207173332821
0.13660687536565855
-0.04044466056326243
0.004713754381438587
-0.07972204520269988
0.18168934240003018
0.03629099835101432
0.12333777125635367
0.2583235483959697
0.06819201987393327
-0.011895954735233772
0.22402340272962332
0.20014369974762788
0.12830923935206462
-0.12455450196844753
0.1186466930286219
0.20615372275368113
-0.03287853544388141
-0.030767887767840375
0.10181559117574036
-0.166248402760427
-0.07059378944038991
0.12254486831217926
-0.04130447136921047
0.06720821351892727
-0.21328703551802283
0.1494146867450936
-0.22760404347603325
-0.008114736069139681
-0.21821711190046109
-0.15407433232477857
0.01851177911606479
0.10725485138370587
0.17786488053264055
0.010169225585520615
0.2273913379049462
0.020378297365193136
0.09599630890562792
0.11586048619705085
-0.036161636873971906
-0.2701707072732145
-0.12246940647643537
0.013963187207078755
0.008259186580745944
-0.005566783195172005
-0.060545027565374214
-0.19052355718995648
-0.2276959265374536
0.1327635768354577
-0.04521991267060021
-0.27065666499945795
-0.28510407714034613
0.10447554319049224
-0.07754560830434448
0.07033036088608319
0.11779501437569553
0.07045367855949447
0.23726218954076642
-0.2337893272352482
-0.04159362460703902
-0.20515098470466608
-0.17294511517746497
0.1350601801259359
0.05462342503231561
0.11260248824819907
-0.22751896531328436
-0.11334757049027358
0.2362591761456573
-0.07896407347982279
-0.23224869570923795
0.1693621872712989
-0.03459102525587501
-0.1800709229741073
-0.09313830096075797
0.10498884996133406
-0.12228914872030366
-0.03513360981737156
-0.10766869416523718
0.10687422952281715
-0.024446774245876653
0.20686999415500465
0.06615411365400688
-0.19995011875336102
-0.11600598724325471
-0.14363021276603888
-0.08905151108762915
0.0661492910564821
0.0659852814610412
-0.08429008667554644
0.03321136849106817
0.01817764920232438
0.20429049065299443
-0.09810306004365074
0.1785139193442787
0.07853980776941111
0.20933838117191245
-0.17855970339140687
-0.17011120194784085
0.10043920137179427
-0.16548179348860872
-0.19461036923917757
-0.031292910289664494
0.10078595630708255
0.3451767480113428
0.0588333741882208
0.04022537104383362
0.15697854248881662
-0.22920418095064615
0.068465690417215
0.2195317920195451
-0.0007432136165313451
0.10168413633867547
-0.0018152635134319368
0.11025733289662122
-0.058743030480030496
0.1447604918459776
-0.025050923401329868
0.05259651079183799
-0.1593464219559414
-0.0641998192230544
-0.22663781923303017
-0.2631375836122486
0.04923126192720748
-0.16116789923138058
0.1516578837059772
0.16768196544398004
-0.15520622887413996
-0.22661614726282278
-0.025103985013606948
-0.10553834371900114
-0.09823584939463599
0.05958235314571444
-0.10187531423306086
0.08388968440593594
-0.030469739304230557
0.1558833000021305
0.019278689215628402
-0.1184165751467119
0.24273923640764608
-0.058558917950749335
-0.07052790299166278
0.1130843561836069
-0.021039283351464228
-0.1809791426813679
-0.14456018873258594
-0.033400727667079376
-0.16894179202452964
0.09814197382159037
-0.08823420853623208
-0.1897115437467598
0.04669368648843272
-0.14606322314221556
-0.011986647231532381
-0.06639319177581518
0.1176776591016709
-0.2465303234577094
-0.01986131720313209
0.157974763987949
0.10551073395924819
0.15444316506984607
-0.028250445383885783
0.21883261947641175
0.2764244704792013
0.027714743985552452
0.23250143319734357
0.026657937355489263
-0.11634000164174896
-0.2491455898389487
-0.01115752373016707
0.04785518049334712
-0.14750861900887702
-0.04643726741547798
-0.11466571539568772
-0.27843623497840103
0.03954393270643772
0.13481818558346495
0.09644371008956014
-0.08480116250694816
0.11524061490220927
0.01697981790816162
-0.09933787261175747
-0.15578733193527108
-0.031948454890224735
0.0005574057085369109
0.08723089416677882
-0.06428185722121448
0.19756790477377673
-0.16689413465643577
0.10193007203374287
0.2253558148826778
0.10739936621980543
0.007399098445005192
0.15681403850493789
-0.2098464094341796
-0.20521120761689982
0.11594395413560503
-0.252295946184256
0.10175012519580437
0.32176135384268684
0.07156004312024437
-0.2168408880720369
0.1441662903270268
0.1642898607161362
-0.2572347794569707
-0.14297051158296645
-0.10333078387599916
-0.08389338579586081
-0.09921388451134891
-0.02080094814892936
-0.03551446363109817
-0.161396286479259
0.07553344386606475
-0.054876605777752746
0.2288247791137198
0.02506512124360636
0.3529269788014227
-0.060863486691019514
0.06313813848047223
-0.22150501730482713
0.08594218408546671
-0.15761640822834774
-0.1381157083887921
-0.11443772935651557
0.29867992170422464
0.1988017096212003
0.09053049839823143
-0.08909016812440648
0.12706213259557336
-0.10688593197263373
0.17776932215530694
-0.2925790387963338
-0.1911321230617759
-0.20679153070578385
-0.027776081076812086
0.12023480058739912
-0.12198241417876451
-0.1993039628196957
0.05263843921128489
0.2306117651311772
0.051371393814106193
0.1906602869742115
0.022383842596601637
0.26354793848082153
0.0016954854916559883
-0.238164093702266
0.12900826116424227
-0.17395931384678384
0.17322198831504085
0.13808079680514437
-0.0815142198061546
-0.11009425603713484
-0.03908609154729144
-0.1208692416812424
0.15721686646512884
-0.08560749811530532
0.07623921771897008
-0.1083034417113505
-0.2159202409832148
0.22439294008481214
-0.04477956127348732
0.057781127733466324
0.17499909076184167
0.04317995100117131
-0.0828213909347505
0.1675988171474752
0.14761150687033273
-0.23625418643260554
0.19712701121356344
0.05930668975007004
-0.1901874303953733
0.015053247668841004
-0.07785623551159165
-0.32916846658102067
0.06917005615085685
0.23359167625868563
0.16539012419294655
0.2111607033918072
0.019701495262991503
0.17520633851159634
0.06547590954584791
-0.013024486488109261
0.22136859458884703
0.09975874014378039
-0.18163587834918352
-0.2608941029748499
-0.11870827055113475
0.1499540473694325
-0.0963523152066465
-0.059876457391444746
-0.08309810447240719
0.037630357233303824
0.09736361528423434
-0.0637450609397529
0.17970321102262776
0.18258178478606657
-0.034853611571260074
0.2559481038381237
0.18898356571550284
0.08466758446726404
-0.10699558477307856
0.017852121136398787
0.06601472876910061
0.18606782103632682
0.056287425006018764
0.22055261458431932
-0.011589610428487204
-0.040527400038004646
0.0919861797217031
0.21732992583348146
-0.113555736720865
0.08441276080735675
-0.19127798454287864
0.10181252704941343
0.18813148380236755
0.0951271133749533
0.11369525066477454
0.1048068256845726
-0.013994604404840506
-0.0535658123869972
0.1584253388857378
-0.13862085382201464
0.060599158543479775
-0.1067253621516977
0.03936223494403758
0.16364736511509473
-0.18336700331494485
0.11772887064101221
-0.05782897296074579
-0.12219744686126263
-0.25894587135837327
-0.153135416335166
0.16018728357149148
-0.020285000880649058
0.07470249010857316
-0.09908207758220935
-0.10217878083002907
-0.1891007703093584
0.16226804600981695
-0.07124691520620857
-0.026623816919251704
-0.2153172906720837
0.0001588446366559831
-0.0343731481096502
-0.07678140747791315
0.04397214141285736
0.041325420237413445
0.006352916200407267
0.15432517988153774
-0.18013255282472423
0.19929026121796414
0.16424995757158306
0.30605586532775264
-0.24739345244991215
-0.041026908231375274
0.08380692267356675
-0.052375813460229334
-0.0743177005418783
-0.06736105336720088
0.18879560531321835
-0.14716068765316062
0.24490786466731815
0.15682147758667242
0.11467086188949031
-0.12133936732826969
0.13976270331570215
-0.035272826147044016
0.004569979551995987
0.22829904866533476
0.08459020017178653
0.19401561354500488
-0.026213630143686478
-0.2793908871384238
0.14103367417291224
-0.029594778284145046
-0.027892420356603335
0.16145044340064835
0.07344758051107143
-0.1571190104591045
0.21124261354604787
0.03603733397029483
-0.22751860128072926
-0.09144945926774235
-0.03131932960244659
-0.0902834889453371
-0.039605872329135976
0.03977933834382859
-0.030862327112558104
-0.11615516393156643
-0.2680996806898637
-0.022449298784086445
-0.04608773865002251
-0.05030772718648289
-0.06711196774492256
-0.08651081104443015
-0.17476907618528945
-0.052947694740624114
0.1114900470041556
-0.04716821597313363
0.1629228703877965
-0.1511081009476271
0.11462487508426988
0.27270806532616965
0.11445679102388456
-0.17682855629664798
0.08344884549624562
-0.11044797872942212
-0.1283391060543459
-0.07055957825984634
-0.10212703811058006
0.1612782614700648
0.18745681939554065
0.11417818525965563
-0.14767417204434097
-0.04115528942234294
-0.12234683983685633
-0.14919810420144136
0.12527390508498543
-0.15012213627037804
-0.14421614496643997
-0.01151082210453735
-0.30973601836455844
0.14720094461160838
-0.10808757102826495
-0.12022992620953046
0.07553380778037154
0.22927107098024793
0.2133590646411509
-0.003924643183137303
-0.13878160759408337
0.19179291414830607
0.18748356762618157
-0.1244782085083129
-0.11192930342516175
-0.07370558491474237
0.12075275998841632
-0.2877578331667255
-0.08353103081333266
0.20118100779574086
-0.09101438557772203
0.11395540563002665
0.19705536042566257
0.054587879492832676
-0.07993395887912072
0.19419802258176647
-0.11766188635562079
-0.10886620708603639
-0.02085618120786313
0.21440787478853549
0.20206342292198776
-0.06337033043961751
0.15359148515530777
-0.11436751732085672
-0.1616073655593643
-0.17638137701567477
0.1111553290832089
0.014794004133227626
-0.011172267470611341
-0.0917386143143485
0.09020958361794691
0.05521415766881678
-0.20693878364112772
0.09159819478181823
-0.03856056143686811
0.040606973938943934
-0.1405977596378067
0.24445838719891289
-0.2190639439216766
0.08493418661674375
-0.07667996183213889
-0.04976289564674391
0.2832053594409158
0.06506229188829303
0.10606793572350076
-0.0061910884189254264
0.07614943798851545
-0.1959335125021333
0.2028572307613127
-0.0159348588923289
-0.12370828653171496
0.18920062252110148
-0.12349859223567108
-0.05938978139643375
0.04075555512362403
0.13456127356725103
-0.0311589548005874
0.17522602269616047
0.19583782516893877
-0.040935415288120836
0.02888720962570969
-0.07209995797310133
-0.010266143036501583
0.029828257297656903
0.20589017406508064
-0.17531403818022231
0.11875374558395788
-0.06908035689658211
-0.29287391947318087
-0.20895483406110113
-0.03741314596528733
-0.140927385721651
-0.022196135335153175
-0.016032162790012447
-0.0900615983593408
0.1597349768285003
-0.03191860544638733
0.04527596263656092
-0.1290227130966422
-0.13398710900609878
-0.05074615222059502
-0.07029704732995437
0.24006761723053907
-0.0628730520070286
0.046622148861956814
0.1770156462584305
-0.022556848926658945
0.14947735119835426
0.14754340206698127
-0.1542337720534898
0.028490543399204083
0.1047336929316309
-0.15802434397478135
0.03688368813264711
0.14583882948210264
-0.0525919575644766
-0.15088542309447028
-0.08132167324371145
0.06739965977421575
-0.27686477660681824
-0.14555451128053518
-0.18077710070771216
0.11430502292509213
-0.16221289480488701
0.16998058120845963
0.01985348072807096
-0.12444445675409445
-0.10824673119333182
-0.1293332791905485
-0.08822861645135086
0.15672377609501914
0.1898613425486214
0.11781191861643127
0.06738085560026616
-0.21786106689655818
-0.12776877422765437
-0.10710983948482705
-0.09027375281465858
0.1566484475707004
-0.08875187022072942
0.1538885332156972
-0.06956647897736444
-0.00432758348911675
-0.20564904408964066
-0.06444228205692942
0.06201925083108703
0.044083814408494404
0.03124434605548512
0.17146175903200844
-0.0764464834118996
0.1844602985489305
-0.16142832160344298
-0.1043311951832275
-0.1135382144623113
-0.05770892249826308
-0.10858653626874662
-0.17568668879042612
-0.02343039625769626
-0.00859331434188183
-0.13310965362914465
-0.23767586078828712
-0.18111595706589564
0.1287302683509918
0.09254587590579859
-0.15627461402596357
0.1733274688774757
0.11661868933614272
-0.06061929329337648
0.1745473729801178
0.1417872604950647
0.011505947201739851
0.179019297594132
-0.07206878411405562
-0.1771210454806602
0.004712746405299411
-0.11113696143239048
0.04943202508992495
-0.06750609493982421
0.10867944676969749
0.09134003610171394
0.26273973779599646
-0.19805726696444223
0.18774644458542014
0.08422485659517032
-0.22767477663128852
0.013872796838403069
-0.1776841500825566
0.013988260845076263
0.1264633163543863
-0.23355087310065334
-0.18172490295658422
-0.17114407691266895
-0.11728027345291914
-0.17783290738501237
-0.1796877989368858
0.2440452086405783
0.23222285728584263
0.042939376079927885
-0.024640841964380898
0.11728158079891923
0.14668384097834317
0.26215725230939446
-0.17382980934091563
-0.2432907957054425
-0.17013988338552827
0.1896437292876434
-0.2715956295116979
0.09355965304824317
-0.028792824594978235
0.26407121963261504
-0.03260685765865116
-0.1264963160298574
-0.018131867818815504
0.10372345506298183
-0.2698964136276794
-0.12504531719154283
-0.0008488815158084862
0.03730565446293023
0.10418411438285058
-0.09241154703965467
0.10072574529341184
0.13965158516322435
0.037381073209433284
-0.17810023445629455
0.03306949996752636
-0.024232727883775798
-0.0948191777636545
0.13581278295987417
-0.013842018680654312
0.14711567095305078
0.07118590533282325
0.12385663348990698
0.039489549152317546
0.06922365332506511
-0.13873290556356713
-0.00194925745040721
0.003327095679843127
0.02952434602987378
0.08826339129064106
0.17524528384133617
-0.07529971976217616
-0.2392010055599149
-0.17821836173110758
0.07990803339086933
0.1576773558092832
0.05168819227994963
0.09696977862010603
0.21349657147876908
0.07280412865117712
0.027965138084522872
0.2332977232973884
0.19723965449242978
0.04959984561035495
-0.09850493881453824
-0.15884092811982822
-0.08143070408048847
-0.13747845884034915
0.2040365719414012
-0.14778175888268064
0.2679212808686875
0.025006336879650617
0.09532764285628262
0.17534912409852493
-0.056058289730119754
-0.24169726459938382
-0.17148573810808268
-0.14662290277074366
-0.126583297620751
-0.2505910848832879
0.12426452428351557
0.0037340072524226736
-0.07029114938951024
0.1619102310980007
-0.1263382170298513
-0.14697137510076333
-0.09288334783054639
0.1930878758045425
-0.15106487403611066
0.19633255371681793
0.03604197354235156
-0.06152081670884429
0.08040519717519844
-0.04542498920091358
-0.1133672495684153
-0.12545866100154568
0.1388034889624869
0.19524266549145444
0.21807279487317296
0.1941588081532282
0.07218216007725588
0.06918929384297369
-0.19909397860307715
0.16242987929566743
0.21884757993883697
-0.0963443159746142
0.15466006743886335
0.22740661209706042
-0.09323187622578075
-0.16523422732476534
-0.11396103108692762
0.15217687555310488
0.09125827286982023
0.05833357719112805
0.1280678893608255
-0.14007102550596626
0.16522601764519684
-0.06503109758728004
-0.10884830274286822
0.13667303896811886
0.14420192205068938
0.040940998900179285
-0.14821158087159822
0.14073929346256817
0.08242148190606971
0.20419959067287835
0.16563271848680278
0.10551597659562666
0.14155307556345034
0.178869164804772
-0.1217459717787308
0.10701181030144594
0.1597040626985532
0.10822803345593592
0.011292224864932632
-0.18933146902490694
0.06661221236531147
-0.24422694147297785
0.05244635709917333
-0.07492225011618635
0.057059288191677535
-0.23337815669728218
-0.22165580648825783
0.030436881897099796
-0.16813591318067903
-0.041014820752644905
-0.06873955343637916
-0.12544615180276095
0.07823699967368798
-0.12197730031982616
-0.1002582913891578
0.11251358720441819
-0.019993180722012775
0.11949406817537496
0.18357914891633922
-0.05499848868450795
0.12971883122827116
0.0833148311550047
0.03567011211206594
-0.3100412075714718
0.06671933723267494
0.032835116085795465
0.14138490047551258
-0.0660675370357121
-0.11566062338359105
-0.19667313547204154
0.12684500239308774
-0.14759552398260722
0.04163602901472498
0.18994084574992487
-0.0512103138326022
-0.14798844392270788
0.17983631014907506
0.07705643033671183
0.22981732769748503
0.058896624757670796
0.012299094325844084
-0.09255890188989721
0.09400261052021522
0.12154781731263811
-0.037966951677555635
0.16063623910746794
-0.0473420731901541
-0.20614241611142742
0.08774967208181221
0.19171419035094686
-0.24856663001158508
0.13978676141494514
0.09501555068384666
0.003910165046739889
-0.00305913528977048
-0.08180157602176792
-0.20178658076090783
0.1983368022473331
-0.008822922183568352
-0.24203615590925914
0.23077400848305357
-0.1227214774229183
-0.25404583402151265
0.23218719067019647
0.019200952118707416
0.17575276621350616
0.00854419772417339
-0.1400604969494201
0.09354551157491797
0.17989027919710449
-0.08282340682880852
-0.11974155686055371
-0.12165241573251045
0.06589383309714815
-0.18329092904487657
0.1632103290874816
0.07348443626151722
-0.16084138339472173
-0.09982139311386998
-0.11787123603597517
0.006320004161858428
-0.27802780940211597
-0.039803343757214386
0.10270431189474995
-0.2532719137795668
-0.13186406467264383
0.07824356322266432
-0.10509081009139698
-0.06783207647926214
0.0026471300338731718
0.07486227019185726
0.12018820349820278
-0.23258947074595965
-0.02858484309673287
-0.016117027625478328
0.0004756218916092852
-0.12472112126182326
-0.10660245910530153
0.25656428501159817
0.008332805020228866
-0.16705366007892433
-0.1306212396542259
-0.09848577331545402
-0.19817134341768147
-0.05992767352696907
-0.14407516843624854
-0.13021916184220114
0.05789010231992425
0.1512337900087676
0.083752258629756
0.05638878303819815
0.04340587146623071
0.09478024352011981
-0.05596142062525652
0.16610909057738393
-0.032913143838523194
0.009431660828154612
-0.005014920131058738
-0.19572774721082897
0.07548345877928984
-0.16461271537084515
0.04438721611090667
-0.09197467547406374
-0.05136509051805171
0.08034467468079949
-0.14451481056039753
-0.2324499140548619
-0.09212940011430293
0.05341294820575867
0.13068501945104155
-0.17502436264819468
-0.06906935468251837
-0.15665871402007342
0.20538428647381235
-0.1569034948522958
0.1469630930965116
-0.16636013815388964
-0.21679528387073677
0.12251367791830531
0.10601443123478223
-0.022174358749972728
-0.06964799531548922
-0.10633924731255795
0.10574837186694004
0.05062667364368654
0.05983320060936601
-0.1742229779884918
-0.13804251953290483
0.07801571601607114
-0.17395812518040424
0.16755634205688308
0.17011480887917366
0.1236841226805367
-0.06006070178268769
-0.09372036838769439
-0.23826005886109455
0.2572916732018352
0.02939849310874801
-0.04620952109815521
-0.14902060963723493
0.03710874322021957
-0.12421034704761606
-0.26744464023533676
0.05042877741985637
-0.051142212795286725
0.16203851210724618
-0.07189488198603382
0.15080546620801674
-0.18898226298946244
0.04882516065433305
0.032917209760814366
-0.1198218894650549
-0.05516153032863167
-0.15176592109286008
-0.1532462206062881
0.1589053266817043
-0.07453270285665559
-0.08713533906450054
-0.030129022667948275
-0.19580555631077426
0.013328508769486245
0.20177888441316544
0.20411542726057583
-0.08413419695501144
-0.12964213123485216
-0.021380176024776376
0.1655993196883747
-0.1628389373811799
0.1104711928518963
-0.08782571219585306
-0.14345828021799917
-0.0014079262964312054
-0.09845635468431772
-0.10911707927823407
0.14979588616325948
-0.06498333180659231
0.19183197052366283
-0.25625852332608096
-0.14190420508040089
-0.0162902993353998
-0.10899809190074043
