-0.5890115753615771
-0.1857822887900846
0.1146682157658437
-0.621396334781055
-0.25992785627693554
0.07111042190937192
-0.741187572679938
-0.369277507081123
-0.05228621263017297
-0.6690771856726649
-0.3229383522552243
-0.06104176871160047
-0.4619471821180481
-0.04049939166874479
0.2861220459803912
-0.4281462074058971
-0.027638351089734736
0.31576691247766203
-0.478845669165431
-0.06990952953071886
0.2663793157270793
-0.5906239371355476
-0.17439483699929353
0.10363000399353041
-0.3369608679413931
0.13710566053758605
0.4600570121014453
-0.2197694663591498
0.2748455136316599
0.618660569174744
-0.2037622559717221
0.28267735969368935
0.5974177184851714
-0.2914999974679701
0.1814773447386447
0.48858884476169906
-0.2824359425602036
0.2361818555329836
0.5326426232280185
-0.14371172775982893
0.41822250200090105
0.726930694574503
-0.06321429229915401
0.4615501956560237
0.7820750194994988
-0.10878959760239225
0.390353489509789
0.7051885459626632
0.4263683937709629
0.6151135359742408
0.5574461052449629
0.33147914329222616
0.466205702524051
0.41849261221491973
-0.26290287255467876
-0.06646101068716492
-0.16129088993769986
-0.5493311154195335
-0.4340505691922719
-0.5363748286849812
0.3847848748858847
0.6444605659121306
0.529396119421397
0.46332946306725403
0.6514783370193266
0.5791963047312045
0.08507940713857962
0.23304422418901255
0.171499717658936
-0.5144409143963214
-0.3728281012371707
-0.465992160439229
0.1537296523571867
0.45137343432609583
0.2507882789122774
0.412451375556832
0.6357024446718553
0.5183886162448297
0.21790659991317024
0.35942169868068063
0.29952356595414553
-0.24313528675164006
-0.1031125409810236
-0.17617572969385048
-0.0185127965966386
0.23593332953946247
0.02348324998212413
0.17050010544316024
0.40752090865758533
0.24180287717527713
0.19725554033567266
0.3230561932295132
0.25304337353273204
-0.07313320014319002
0.04023243228377894
-0.018820136458315657
-0.09751593429636506
-0.3064292919523496
-0.10396962881054637
-0.39110023245157893
-0.5893993788873788
-0.43518352186570897
-0.40090081799776345
-0.6745281275490581
-0.4987393894646184
-0.23990697913765038
-0.5701412842991843
-0.3502755975799856
0.1437922548656041
-0.0768788067772608
0.19466812604392186
-0.3098427146634356
-0.5189243369493536
-0.32480043044518314
-0.5874521173295285
-0.8409294839744562
-0.6428834274003687
-0.37582055562188754
-0.7403774796910916
-0.5122175608635927
0.38737460949426916
0.2307570258243516
0.5195061835146532
-0.04786452857493913
-0.26863149623185695
-0.008974634523514687
-0.4468449831249245
-0.6849359819252363
-0.48185794529848175
-0.5369076520924737
-0.8115515270488832
-0.6188587199751489
0.4606731863004565
0.34393208070913683
0.6256144303885688
0.26357888346032493
0.044099605898657655
0.3480801849088577
-0.2342610327311812
-0.4314028957967179
-0.20174566676220446
-0.4239132372563946
-0.645547002521122
-0.4549065846478079
-0.17581718248034137
-0.3396422470698389
-0.7345036179245225
-0.0722025458231334
-0.2762225799815327
-0.6417536866520168
-0.10357776650086815
-0.2779531171219449
-0.6562693696902294
-0.07355670666784739
-0.21753654188622992
-0.617856407547921
-0.11403845473223452
-0.2637387502747974
-0.6757753728185196
0.07785895944503515
-0.08885377962335472
-0.47459577572203854
0.19694346906099838
0.05024579844458767
-0.3655711112168621
0.06905976044314843
-0.0039247985701625345
-0.4501653431150686
-0.035519344142253474
-0.14910716011774214
-0.5449103477483647
0.21696812775804408
0.14723025269599696
-0.2739758342071762
0.3952734225902007
0.3421790286644873
-0.07645447125200355
0.40164643491390956
0.34982191041815375
-0.06711879337902502
0.03247385480392281
-0.03950010330858499
-0.42019099280183936
0.219977405555948
0.23034074597582443
-0.20602518997776462
0.4627909073639442
0.44792630309421605
0.04831140966868569
0.523435459797696
0.4935766090277506
0.11422209393402878
-0.6442144808538122
0.015168622754880503
-0.09117924518353904
-0.5407611825158867
0.14010245940798444
0.04601498193307276
-0.3833398099300641
0.30301200368690084
0.22159073730311823
-0.3871401996771958
0.3098568110957671
0.23706469233016306
-0.7753098559303675
-0.12652065328169246
-0.2501586480420958
-0.6727724730322696
-0.012514104898270864
-0.11635791751171759
-0.5268613770445324
0.16399220186764896
0.06792023150555887
-0.41705808041203396
0.27800109273334644
0.20253727398943122
-0.843420332712238
-0.24737282432682572
-0.36261921813514936
-0.8413451565235104
-0.21164005739701855
-0.32772335066342173
-0.6897529470473074
-0.05735188602273163
-0.1490015305973575
-0.5518719453997141
0.10080026963248169
0.021332763587924065
-0.8390570186250825
-0.26979160773676836
-0.37804854600421217
-0.9107281241992599
-0.3189852003694834
-0.43014830610116905
-0.7987302718106354
-0.19432464362522867
-0.29859790715368123
-0.670398270017225
-0.0566482186353625
-0.14456417030731195
0.12586508826706877
-0.6145196701130373
0.3427625079101333
0.231069073482199
-0.5213161342301662
0.4652497940033998
0.25124456659899724
-0.48492747114532236
0.49266467473952935
0.1942358445380405
-0.48879080343840803
0.384625457644294
0.0613110640295127
-0.7011094231458057
0.28412416396683027
0.2175530001446312
-0.5454154686938082
0.46962459757959746
0.31937233571565155
-0.4519099110449516
0.5899791611281986
0.2580041230294615
-0.4529092886190257
0.5158246945692451
-0.01208296076158543
-0.8004929707699554
0.1647608133700403
0.15606854421499938
-0.6178278105613806
0.40741434232454765
0.2816505125950683
-0.4487722440281647
0.5414276325937122
0.318999457897032
-0.4065486844365455
0.5850614655957387
-0.050952903609582045
-0.8342161286033283
0.06975517051046849
0.05465391458382643
-0.7087054785135547
0.25390820113167867
0.22376439071998291
-0.5080330838443733
0.4383282998711956
0.2823037455532888
-0.4271389498771611
0.5113408161603238
