0.8012950043381569
0.40910297370483445
0.4215891649494396
0.7610136828607973
0.3609687669973183
0.3735706032083447
0.7991184556967165
0.40563568695126184
0.48741683928078194
0.7387660937397149
0.3523419263854023
0.4141632213742097
0.32907287532700136
-0.18714216407377596
-0.2204294694600432
0.29653673292733573
-0.22743897391715237
-0.2414739326754192
0.3553573876295044
-0.1606251168175201
-0.09724379882410307
0.2686223289903652
-0.2541340893542685
-0.19796030073217571
0.37464891163628833
-0.13758828059193962
-0.20918576742035408
0.46474310338297004
-0.06080183261227575
-0.048026210700283754
0.5361989990224435
0.014033530276049965
0.1165652937644663
0.41081522176934976
-0.10609137313904313
-0.07222830045772784
0.430666783079008
0.032068001512668344
-0.1127835156045668
0.6219711105731344
0.2017233238333635
0.18916118605680718
0.6953495743093632
0.2826284910375257
0.32537107857112274
0.5311540649280477
0.12348880603881449
0.09592576203895743
-0.26291024548146763
-0.09240755118525379
-0.25369057167615283
-0.1668547452609436
0.013346199126760364
-0.07505503169352815
0.09995145146537036
0.28348486452917704
0.3491011877190425
0.03951346007042678
0.22348236260048687
0.22453841918014833
-0.23073472568110892
-0.04177058359691175
-0.16279628998756573
-0.13900001505159298
0.06558669662039546
0.02115386649956765
-0.150721935817293
0.06369835361096904
0.06467641089032067
-0.35657306158282825
-0.14593526688304517
-0.2643832623437922
-0.2943694164295538
-0.08901523604811232
-0.21865254775937837
-0.13631050572954914
0.08539525887565755
0.07445794741437681
-0.23560766269852906
-0.007001133020238587
-0.0519242652704149
-0.41642271285626903
-0.1879399762358705
-0.3474268140958179
-0.33367922369324055
-0.11763547029806606
-0.3043964288952356
-0.02935613659218614
0.18235716351854392
0.16585546617423425
0.14917701843787734
0.36092485037896893
0.4285790238399432
0.11513211192697775
0.33243147997861333
0.3386007868123148
-0.21140486640601458
-0.5726278771560905
-0.6243091097484288
0.06307756892654791
-0.3160729582626694
-0.22309308754358487
-0.0823930934532236
-0.46253816898453803
-0.44078891250427016
-0.2036805040790576
-0.584306242856731
-0.602648082466597
0.1322194770429967
-0.31977888553683254
-0.24905527211256093
0.3237277921592231
-0.13750904171802972
0.04632694997614835
0.0939269956443289
-0.3610371887449374
-0.2994704666495847
0.0846924090118133
-0.3778701615925791
-0.2850061345056
0.46110984400870236
-0.0037203153758544475
0.18136774194419664
0.42251639795653967
-0.03863925364149547
0.14427887212713703
0.24726297212473916
-0.21416318457925188
-0.12912879504363262
0.46371864559163717
0.01131882382661737
0.26498288078820875
0.3307297068546269
-0.07145415488970619
0.1203337080075193
0.13263293660612244
-0.267499972912285
-0.18760834887414193
0.14763682920841514
-0.24570516355782898
-0.13913321416644223
0.5329219000648505
0.12440389462417797
0.4427775026972669
-0.08770193352091295
-0.11526579932120885
-0.17421161491797746
-0.07825688750517595
-0.10393429182321941
-0.1588200490483167
-0.09903152199153997
-0.1357623243558686
-0.21947270910749503
-0.07121471550862711
-0.11073009700572208
-0.14579337023237487
0.1566924704567377
0.132949336744048
0.10600412141221086
0.2282605922484712
0.2030733330490773
0.17631042014686457
0.40011024108359633
0.3580059540218707
0.3997349030651454
0.5126218118120007
0.4764708912632716
0.5810334541658804
0.07661695764723228
0.012662560669576576
-0.03885533670022347
0.11611460351163812
0.054396868402140065
-0.015566872823494874
0.4260104354441754
0.36124905877528524
0.4444995183191597
0.5381778291291076
0.4750188063162035
0.6423362041259506
0.10098841621832277
0.007384149447062995
0.00844783162430997
0.048652044438649115
-0.03407940598394174
-0.0798698750657642
0.24537128766852084
0.16107735817421823
0.24841524407631918
0.3058793604276463
0.22380399414101856
0.3525788148189427
0.29679506400902184
0.010014290070454093
0.011774197447868597
-0.03749106786411922
-0.32136582206299324
-0.4737319669122926
0.03637104846300079
-0.2471922929986813
-0.32725768932027055
0.08347286174447982
-0.1931726768222628
-0.21403589280290328
0.2389907307566688
-0.10785089929581387
-0.0940514132882449
-0.032949300953614334
-0.3866143975237758
-0.5074835984163039
0.05211233487284724
-0.2964016239574888
-0.29655252465911586
-0.017191656506088074
-0.36308903919952257
-0.37088331216244036
0.02569407605119367
-0.3388001945593091
-0.42359127522155227
0.08118470718417689
-0.2953632019096108
-0.35374980848695325
0.2536130087714644
-0.11032422360176458
-0.016142823542095706
-0.031202998407014553
-0.3853272937200046
-0.43934968300219884
-0.11436417060554747
-0.41672641574250807
-0.5896630546605284
0.17094180888041302
-0.13472304594431386
-0.14719137811370636
0.3689192467744352
0.056564691149288034
0.17229848029804293
0.029793307185131745
-0.26874909945911524
-0.3060821309002894
0.2083202638706621
0.16422882180348916
-0.14199581272194245
0.47238819953416716
0.419850904571524
0.2609168278203431
0.22948980515800754
0.18434074517074883
-0.1336624321532279
0.27743737160673665
0.2243472109117074
-0.06215564732948529
0.06777519722478419
0.006892842699771172
-0.31843419077798296
0.3353909739839364
0.2728033174214738
0.12072132848607134
0.10243784654885052
0.03224958912408688
-0.29120810654095425
0.27372402197483614
0.19512682968302056
-0.03132576885304836
-0.06469703989564524
-0.13667062868756633
-0.4760461382668376
0.05771219398471059
-0.018539965564831874
-0.2650339278338981
-0.19176287997150765
-0.27711873867767367
-0.6952541654337414
0.08242998643438587
-0.0038169798723087507
-0.2647951162776716
0.24411631714459547
0.19201969905627206
-0.059020662576960196
0.23187400670692976
0.16852981857440627
-0.08355684677547198
-0.08609817560037493
-0.13331489715030764
-0.5627380949053382
0.11344743085677081
0.05674371244796886
-0.2396216043382133
0.0996299892725246
-0.12040886040988565
0.28271779160350413
0.03954048705866557
-0.18453009263140047
0.19336715159104667
-0.007775950551538281
-0.2258961722735787
0.1524600983548699
0.07794473418840762
-0.14363666616780038
0.2660212760054698
-0.33369537684469225
-0.6057113214891986
-0.2515544277664646
-0.35998229612982535
-0.6331321746659859
-0.2572064309416191
-0.3002850787344583
-0.5746381026572349
-0.18326769618379932
-0.18596448303080204
-0.46614613365626384
-0.01273220475662766
-0.2851945395608341
-0.5530465941776243
-0.2249931090670745
-0.25264717170552126
-0.5263072847636145
-0.16108678312979546
-0.21500269714681255
-0.4913139885304739
-0.09658841234771226
-0.17888867962198388
-0.4526118608786199
-0.06011789037963971
0.23779988107777558
0.031036412710895373
0.4616207070772327
0.3055921914598922
0.08974687909340014
0.5705329089962364
0.16364120030705442
-0.04060868751503368
0.38043276301615064
0.0405060094347322
-0.16112253179256908
0.20157126345220375
-0.19401001471435242
-0.1658213731254395
-0.19493290949744113
-0.3815372243026887
-0.3452173698787833
-0.4894029312074365
0.1161553098643264
0.14015011260448096
0.2582615655926218
0.0062117659284100886
0.03834535371666088
0.09611673890118348
-0.03968285467915941
0.006677872251146503
0.038575222936642006
-0.39153839179821975
-0.3327271941666828
-0.5240702576891539
0.026834835570011442
0.08059042403255541
0.16442851581463924
-0.07822689512503894
-0.01572658332112456
-0.0015015153342541859
-0.0266161038319096
0.03106157122969683
0.09950300560993816
-0.6230470681646232
-0.5592982751921264
-0.8109814805672166
-0.22990936855392463
-0.15995811735861593
-0.16404235029245842
-0.15447721534295034
-0.08165594223922551
-0.056661193268659996
0.05877545817370433
0.10674713160371889
0.17168267339726284
-0.4841862686215717
-0.42143029085549505
-0.6703856519101244
-0.04335869109613546
0.021055373955750162
0.07084422264991899
0.13829947727228475
0.20099837846103552
0.28300133002951866
0.12545871310591547
0.43721526436355046
0.20804562356526254
-0.011205046209540782
0.3024097691229081
-0.010888088538671709
-0.014524910430775943
0.29830019905508764
-0.03068539668542773
-0.10672358488867509
0.20218246463754294
-0.19815900919825
0.28109724653358686
0.6338418058413234
0.48128668884201875
0.0005726643138370514
0.3611849498635152
0.050041701527254914
-0.17149271289887494
0.19473528478523594
-0.1862735960485552
-0.277519967113575
0.07902616984080398
-0.36953977735789056
0.23772182509264503
0.6067473085071767
0.4426166290696876
-0.1002259665531352
0.27636051258304073
-0.06699581002442391
-0.22066630289267802
0.15659131786068864
-0.2513168601699739
-0.15063291210439714
0.2149723079185529
-0.16649900539558754
0.12763789359180178
0.46188322497886714
0.23669085379998223
-0.07318942454645411
0.26049336154843783
-0.0909308266535844
0.1135788946187971
0.4417563302464915
0.16891187588894718
0.31844225755041206
0.6336788317349984
0.4260547471239678
-0.024349500714393364
0.45571928521744093
0.13778508099133008
-0.09366806359458109
0.4019815422116186
0.059244772621174786
-0.3604055800103932
0.14737463455462926
-0.35106049788462257
-0.06254183677095333
0.4397346508539571
0.06616821710183077
-0.47164286011239875
0.09821163497609675
-0.3567451545457182
-0.4550767040500821
0.11707075314327572
-0.3154509464102493
-0.6356576452188338
-0.05950277669975244
-0.6374428327429099
-0.29303480494938405
0.28486513416258075
-0.14482741836310184
-0.37452228727404235
0.22057320621909185
-0.26651794314331306
-0.15378502956714188
0.44220076067342373
0.05170680455006971
-0.2627869477953238
0.33531155441726324
-0.1617377199479949
-0.06714363403134588
0.5243305131195004
0.10853702072671141
-0.22150069205135442
0.3121523264783332
-0.14167949361194926
0.036013843518065254
0.5646658698006684
0.25527471034725413
-0.18192258825441962
0.35598790900554333
-0.1272543558549053
-0.15561825334048215
0.3846369355376651
-0.07634143320021555
0.2022171125760872
-0.09933107752460421
0.05664271111999966
0.04734638816789004
-0.26612017601300847
-0.16827377305816396
0.03147284394038538
-0.2733670957006755
-0.20580600927549775
0.4715681589105447
0.158288080739728
0.46882598556177835
0.5616770026932613
0.1988381868367541
0.4865018487202307
0.3631680738178132
-0.0010737109786017082
0.2043069175288332
0.07462293350489156
-0.2842199567192345
-0.2034083527759452
0.4517603699403306
0.09310155103987677
0.40733464942441494
0.44728845202686607
0.08156127492555075
0.3745960695881593
0.2617475445862129
-0.10267440489653386
0.1296897866233634
-0.09705762834844067
-0.4581146653974984
-0.39848818895066057
0.21571697599062825
-0.13133648236704093
0.15997286468513125
0.2076282411451658
-0.09857446396051357
0.10590262504099243
0.1591461481457288
-0.14627282199087574
0.03125961951637792
-0.005659090008967382
-0.3108526874296492
-0.19059125444669686
0.30309110954073715
-0.017739726102297893
0.3054353026999993
0.012069040190729099
0.07166854651507754
-0.36617807191417023
-0.009138588186835885
0.04670158697807296
-0.42245379012280265
0.36903779837890127
0.4141672598542542
0.1290058566471716
0.27995525877357186
0.32122767609042757
-0.022078065185541652
0.06969163216482412
0.11726574801324943
-0.28467719179515766
0.019846119379495947
0.06484614415065901
-0.38902248041189924
0.3727655028571439
0.40470341893198597
0.1453083971668803
0.21873952499539073
0.2465756291339654
-0.09964233517180407
0.2660011075897657
0.3305067400793577
0.013879189678916442
0.09635264850048007
0.1571719651492117
-0.2609357781123286
0.2949711442953207
0.3473057756324607
0.03836776098879403
0.12564857613147074
0.17102768740352176
-0.23707210926632105
0.5852048749813503
0.6607499713825332
0.44610037679709547
0.38670513971681125
0.46154659409239057
0.13096332600990765
0.4404892062166475
0.5118273003690428
0.2285315225050357
0.2739340169182435
0.3421394328376968
-0.057594448671045066
