-0.23076966021258744
-0.11566213883608731
0.12107927054782223
-0.16301909301730436
-0.15526627056536316
-0.0658424372173904
-0.26443569015712537
-0.30786212310556715
0.23828571152489111
-0.10267781031447419
-0.033136666930876406
0.24153076439300206
-0.3239016772422567
-0.1240316826539534
0.1605585963483927
-0.23782603196093094
-0.016301809658082783
-0.05846705049473927
-0.0953190902594094
-0.17860062243977887
-0.09328232346883018
0.12404553011020282
0.09784284175359985
0.13800439335828782
-0.15105943024314653
-0.3122213680905055
0.15169207644776111
-0.26078577501561917
-0.11521394185657415
0.06822499732919132
-0.02380315733264487
-0.10837830408292168
-0.21888925031618767
0.15503829810160077
0.23063021585401947
0.2634253612468973
-0.10657520925064805
0.2744050016370028
0.3906406412940371
0.16876839066893853
-0.07938791073403624
0.2139326212237579
0.3400563125695731
-0.12088033235099556
-0.035657245919398485
0.3168912821298596
-0.1198174826202715
0.1569094931324428
-0.0005983424196016046
0.15871976650331662
0.03312831916224471
0.2994478511237944
0.0044426044691740114
0.20763621133959992
-0.28559766463443703
0.12743889745127152
0.22665225720827814
0.14251093014312768
0.26946827801917494
0.1411497254334729
-0.27616929582761274
-0.211323072127384
0.1363443604990755
0.206100763314503
0.03334614945192342
0.1209061530050057
-0.10836032540957545
-0.28548578247297635
0.17887852240107666
-0.204662128197891
0.0014797421932279307
-0.013712567541545154
0.30652395637211693
-0.26878127885731135
0.01579973424472727
0.21097926999866254
0.07538867525332821
0.1678041692186348
-0.009523691435864557
-0.12909765851003802
0.2095023062021049
0.19711366070112996
-0.2588518508534
-0.16085381924339853
0.3796496052446757
0.346557727770191
0.1872682492958568
0.11878987015516601
0.09650289900492783
0.3350711280746439
0.2824763676083268
-0.08148739597849937
0.13986308412335968
0.30373516758648894
0.40482813345851665
-0.032002813611936555
0.31437004637015803
0.31915321216138515
0.23084176704272477
0.1967793060067094
0.13568207841445296
0.3217206490848246
0.19024272477471313
-0.058954239933459024
0.13133230824587705
0.15049110328210077
0.28755733403748496
0.06834448655846438
-0.1259993108029218
-0.05337199208733034
0.20994359018268519
0.054817524846271365
0.1958164249436357
-0.001102113569828941
0.13833449009225338
-0.44209196139805446
-0.17265636307834667
0.06965487008571183
-0.10366347474386711
0.07093112702301678
-0.3738639695016605
-0.14013752295555296
-0.27878051509165735
-0.009594158125293923
-0.045560576234209275
-0.01265986972526053
0.1775786629793051
-0.2883561481038466
-0.2426755235613535
-0.18713243339038174
0.16306158586050318
-0.10111757776279198
-0.2763888835901209
-0.12100410723857284
-0.05308945391080179
0.01395680577641338
-0.2680843653992796
0.08169708226671865
0.10139971274049733
-0.24452314408978446
-0.2841689684343288
-0.13678626298859745
-0.15898281392502414
-0.050867799318801046
0.01563661095400742
-0.4134225198026944
-0.4577692769811646
-0.07635324504180643
-0.24549848698664972
-0.4220802186043056
-0.2713329514262031
-0.28932433430901866
-0.19978503115622712
-0.23804361757991896
0.0372581175561752
-0.33063185870105144
-0.3117438113897416
-0.22460411179423664
-0.20888018580188747
-0.2154869606309745
-0.19239821339619365
-0.40094119053625094
-0.17881118154370879
-0.2451523180210086
-0.04332231194885928
-0.04967404321072528
0.12311765067886128
-0.16563583201172305
0.02642902359250517
-0.23928436461435118
-0.1815454960712527
-0.2523930199138149
-0.16669413637373898
-0.23554268619715138
-0.11836778388996921
0.12822188326764483
-0.19302437013421045
0.27582349002955087
0.09766934633618582
-0.052978253650871956
-0.15875725467547555
0.03646287318687869
-0.29114698486177215
-0.16756545232220182
-0.041854802319354456
-0.28030206361963556
0.07932435922813762
-0.13562337885839626
-0.06475328300007235
0.0069465441611261634
0.39230354566870407
0.03149179466491718
0.27819925101664233
0.296104443813538
-0.1332652846579266
0.02910050370038641
0.4039618517817306
0.12722524641347585
0.06002058662506534
-0.014579014674199399
0.19880974486390668
-0.2636123694272963
-0.27833817897027835
-0.08660409093466344
-0.09256099619451263
0.10648590913742667
0.10203966948003952
-0.0392811150499064
-0.3399929352091139
-0.3711517942410098
-0.06903275880650593
-0.08179397499657426
-0.22443548122501952
0.18728030338624255
-0.2359064667074461
0.03151254002081167
-0.27766719439875165
0.12198687871465619
-0.24117279469651784
-0.3501368790749352
-0.37768447886073303
-0.3129512981588955
0.06604395798863576
-0.023589007068111026
0.16616470071080208
0.040143855271297546
0.20037923773378508
0.07467206944709834
-0.020938110451108438
0.23116609045317865
0.11772391410989647
0.23725230141523188
0.051279160479476546
0.02776622165575482
-0.06831203721333176
0.06369769863621237
0.3467490615734466
-0.22789301587437844
0.05576270782542745
0.160956858429329
0.06135001457051858
0.241790821364024
0.35080857069301596
0.3499328853249604
0.4076393056230172
-0.07733667520558107
0.22589375112248763
-0.16577102161245413
0.11637955218257673
-0.22085939078879657
-0.012966874879719937
-0.13299626103067722
0.24922588327811243
0.20889221276753825
-0.2087024119367477
-0.2734689517405088
0.0731862636103852
-0.1916116375744161
0.22101044476452988
0.08247533723916253
0.05202641732852635
0.16952615964139386
-0.017085272253355998
-0.055007263973077265
-0.24083447821262405
-0.06042963002158751
0.2798788482230309
-0.3655109094330465
0.13857363261272626
-0.3157087122051758
-0.12383673473445234
0.23981203706607734
-0.21860123129486342
-0.06487215160906111
0.026491838430739992
-0.16712688053239677
-0.01415254008391067
-0.16399953340609785
0.06718784804177544
-0.057787465584468595
0.3518595654182985
0.32236012388482643
0.3123547648405926
0.02323960966566371
-0.12377215796598494
-0.18444110726684868
-0.2639862438002943
-0.20466723840820103
0.2682165970181823
0.05382387696546059
-0.1727562582936594
-0.2672182810242013
0.026982525287289862
0.2975634805923837
0.0996389749140771
-0.25410622396662624
0.004331341149110407
-0.18906321299479134
0.10724485861639274
-0.3441344022884034
-0.09920035082575082
-0.18074820424102125
0.29852722334971576
-0.3615762767562307
-0.39322164628060835
0.24719361760624137
0.21676418500963415
-0.25850503897707483
-0.17991494703148597
0.24432666636808392
-0.3306746054795236
0.12569249479755815
-0.15396952175455142
-0.17301577399304852
0.04585580152028223
-0.18696007311644913
0.12142850387710658
-0.014451831072522075
0.012341537601210822
-0.18862730755552723
0.03357108013955532
-0.23314022243303648
0.057447560236618914
-0.27407629391880695
-0.197879327856788
0.27843821808066954
0.15354636189343404
0.35507585353499554
-0.1964800257426885
0.00733412859610187
0.37469840321474035
0.017735897449682805
0.35308608416558607
0.373539996406258
0.2911074034044305
0.4336892176749008
-0.07475878368812028
-0.24558001445289657
-0.2740675825915041
0.2448722387977459
0.35100701879184726
-0.044564805408694015
-0.06171519807747187
0.32526016381946554
-0.19416310296452
0.18533920055998795
0.2005699400875691
0.354836424427664
-0.19634951241943924
0.04830991830957156
-0.17853873234619808
-0.26767432169292665
-0.07817022324363924
-0.2298526982067302
0.3417211666666825
0.183168254050569
0.2046796325596847
0.03971509500107356
0.17115589442808005
0.3553178432798588
-0.09176404033957922
-0.045599821047179974
0.10759667639439582
0.0035163243401789422
0.18344864756848756
0.14914079017926646
0.07969889412595986
-0.14079214745247418
-0.10450573783800453
-0.07086538756994973
-0.22162982049146082
0.012512624198351465
-0.05881789449964205
0.11443812893153896
0.21535386801969444
-0.04384003686666765
-0.17956971908628697
-0.28031459614579646
-0.43029879598269566
-0.4285304803898723
-0.05234863897259003
-0.2725074110569976
0.11290874135578327
-0.3222926371965034
0.2678709903135256
0.2910086946377722
0.15219818245612357
0.32451367313612467
0.44936518712015094
0.10266401885799792
-0.2104581675488525
-0.20182262331382192
0.01752075500854312
0.2930650716533475
0.010052525850595611
0.24136599665142036
0.27600047395887967
0.2848499923410806
-0.1432757588401393
0.08558523139684003
0.2945432239206684
-0.0788620649799544
-0.08930438935855974
-0.0557751838484885
0.198915972850612
0.08266300965841175
0.273194756860544
-0.19137558688218043
0.21501120471489546
0.25623846317551585
-0.035558591736090994
0.2744474074262216
0.09700036153866495
-0.0754523132772449
0.3684853026046305
0.4946284229963139
0.21460223851602073
0.11226984450555667
-0.11396509956563468
0.08265628764393497
0.04105177238442688
0.010254797153425898
0.16207076758330585
0.3143819069611888
-0.05681960556975077
-0.1397136575602115
0.2932655981590285
0.358916043271697
0.07527562381730682
0.06111422468399677
0.3261391140853429
0.2975966560560059
0.1598492639497808
-0.23101289939849712
-0.02836091574784341
0.18659967273048633
0.019457024116247223
-0.2609649869609194
0.09699984524632295
0.04388783851533761
-0.16248562157646929
0.06291874416818251
-0.2752981867966481
-0.23701875315110668
-0.055726331586334776
0.06073684668475864
-0.19276947687711626
0.2537324212188309
0.2306832232179684
0.08127445882201154
-0.2563203300063438
-0.2915858326077775
-0.13598895082647044
-0.0005398149348327078
-0.4699088463838183
-0.38975320810416897
-0.15293418443850784
-0.21668458761918025
0.10859196741080072
-0.28399608519046005
0.19652487015044903
-0.2677464536013929
-0.09459670426277224
0.06272252671926515
-0.10431003813723588
0.08094254508009656
0.11850126808353496
-0.0635615062540394
-0.08044810125095951
0.04938578324855686
0.027558805793764633
-0.18545310086617373
-0.15515622745834245
0.157352356964243
-0.08587702356588525
-0.2181607577207968
-0.12338193402019401
-0.37811661521996454
-0.33984502929319904
-0.1802755515221479
-0.0241236210865349
-0.3204679976637362
-0.1241631885326054
0.2429703155503299
-0.25415355720504645
-0.3459257542365599
0.12373618025210406
-0.0072000402698070105
-0.28925451717175027
-0.01567148878549792
0.1552519347580037
-0.3099870369444773
0.08525875763586485
-0.30790148334496914
-0.3171920128935734
0.11997610978243753
0.09123860085304002
-0.34321132011653543
-0.07968303022576255
-0.2579462344494999
-0.41726976332796273
-0.051852353599225416
-0.30579718983173115
-0.5019996771095031
-0.052282063932593215
-0.22436606890507085
-0.16413512008381326
-0.10756372796669451
-0.27288873248712375
-0.28408195888505045
0.25103355255636706
-0.08651119295714366
-0.06122666154844348
0.04825173038649466
0.10126662598097816
0.12720055060339605
0.3617864438443449
-0.25650508645743014
-0.018465825172800994
0.20185422400012057
-0.07856465496131246
0.09776347572127886
0.10230502540170917
-0.2288006240040743
-0.09639436315934123
0.17535659098062048
-0.010716443196520023
-0.11130126575734103
0.22045252887917421
-0.11047835124801057
-0.351141112645718
0.18418183934313717
-0.03159078108071623
0.10412031982685721
0.45682521195235576
0.12673000835143203
0.0058543748506944045
0.06599036539156314
-0.1360802466371619
-0.1047075910638405
0.2680718713722652
-0.23193915446056523
-0.08100368893824293
0.25137510308709393
-0.24606216550099305
-0.21289542043327853
0.08395810532559278
0.12227309197546288
0.28315626886444384
0.036121367451750534
0.11319843314292753
0.09645174482864656
0.38355120362244566
0.027456414783748936
0.26762100619766016
0.29175216550003513
-0.17723905906825976
0.10727136365081508
0.016736327215780878
-0.09780186201737913
-0.21909443709323032
0.08704224119313396
-0.21122638619696665
-0.21076714643148886
0.21989348543082143
0.09776657807746351
0.07049934544004338
-0.13738301574139566
-0.27290942211154295
-0.3832957872695108
0.05979413449316616
0.023429245324848063
-0.16629678890110264
-0.10880923431385135
-0.0837680099821707
0.09687373896264806
0.17642348086600057
-0.025227238842531568
0.09084559275147296
-0.152155902731362
0.09634428660313131
0.11429003086854965
-0.3173231855885969
-0.09569232480805875
0.1121689456163097
0.00681180724678385
-0.19043963860153756
-0.00936895359206148
-0.18246693970110814
0.07036559955812642
0.08564392216108124
0.046867350563938044
0.06693417084638408
0.12550132484154977
0.11498591032057218
-0.010893077329305603
0.0038788296800542853
0.22341533334919195
0.09505816507265566
0.04872763264348125
0.10193933265336742
-0.18426896474139134
-0.008734050301754058
-0.03302742338152033
0.21526441885451242
0.07802339929460402
0.07383766363393142
-0.08481740501918528
-0.22941620307974211
-0.16709862478335066
-0.19781797429575823
-0.2953683078893334
-0.24554414401273963
0.05358553096088805
-0.3595997830431955
-0.04940074248396426
-0.16439953987519704
0.09445047702044891
-0.032112552511476385
0.07205504833467075
-0.22535785584330073
-0.3532889105216334
-0.016157281301343397
-0.23817468163186667
0.228311466991566
0.22205864643816386
0.16651353400827248
-0.022290041784515803
0.35296514766381987
0.17844940305239335
-0.18337373833613618
-0.14978332083367318
0.2812025691832671
0.16897634244136417
-0.0858915258063601
-0.1587614054832035
-0.35061935710976255
-0.2130264753652225
-0.26999481014283355
0.15189251819521987
0.5291479607884473
-0.10179901786586826
0.34830010884115137
0.3048158752468845
0.4414587286051384
0.32442674013898914
-0.007512121637174656
-0.21717421077338891
-0.22612064013573782
-0.13268946565403608
-0.3028595331311206
0.32005918164934577
0.23112819893004347
0.010644060018548859
0.22164116628677114
0.3585999610665024
0.17578793232478812
-0.2111113861980581
0.13835713844625952
0.04222841982121977
-0.055641921164551876
0.10684139363299779
-0.025354431307088858
-0.15367775053473082
0.28303478028705703
0.06278960086610702
-0.19075332750866844
-0.17483761235252848
0.008978579017161661
0.005760806759020497
-0.07602029929822521
0.0247137523620599
0.022182799712071863
-0.22373437563956688
0.06735916043412399
-0.372037913192133
-0.20019096222601193
-0.15043627052599468
-0.14335388132352647
-0.14546019195965035
0.08537924143103226
-0.20945302078368272
0.24634763996695663
-0.15805628880645073
-0.07896649310808765
0.18055009215499965
0.05081848991077769
-0.26002369589682944
0.10807951576645373
-0.09060424669186953
-0.11813837109490734
0.22600987048746962
0.012373128322581297
0.36549244566033745
0.18095336273156162
0.04129914813848642
-0.13478205987421366
-0.05476433092595296
0.12896597559264644
-0.141355962469867
-0.11892134783171368
0.20081730868512931
0.32071073522251625
-0.004520356475946778
0.17294350507836
-0.039001783921260455
0.24324219542648157
0.0684549963255547
-0.2846785789569655
-0.2012147667932103
-0.3398847513781389
0.13861143029323672
-0.19846453190758687
0.06664774310493672
0.057550817553510276
-0.0029502131215133373
-0.2804390092801186
-0.08154136111331718
-0.07862931947658354
-0.11326992735903674
0.09421673535842857
0.07036412862834798
-0.25945675537951624
-0.23462015208654066
-0.0158092535850617
0.2449478403789446
-0.09716733866069907
-0.07438176061392426
-0.24629623626022668
-0.32902347369025225
-0.19821605328557684
-0.18328611503320286
-0.11244516585520278
-0.045936705254762705
-0.05626198316530228
-0.18534632728998282
0.2916932110369747
-0.10967595081113583
-0.20120337424167756
-0.06729907555390349
0.057253087606998966
-0.4822366879322006
-0.19003838614504193
-0.2005848989836324
0.2730261027321852
0.2826233009760293
0.2809349695911858
0.14312445140455685
0.034436183459375505
0.26086638197104606
-0.24970956797371519
0.11824104362973965
0.30297910706993475
-0.3289154400596958
-0.1731200099889722
-0.0603992242307647
-0.14518430086077355
0.0707617351919564
0.1646913047533671
0.1561450081890104
0.1998551407129671
-0.019546584222119072
-0.2467152631960598
0.03431896399355039
0.27956758351948696
-0.1660628248519229
-0.10483789792117885
-0.08567376299033214
-0.0028490816785635537
0.09731052067484672
-0.18227901385955064
-0.1090279876577777
-0.271430412963621
0.1056167875492366
0.24289979546647447
-0.14947798274750138
0.19149233588957526
-0.12749445898590253
0.30575529199995927
-0.04726771634142435
-0.36407330432402535
0.030800188769166483
0.0008934116455883411
-0.12241387720390806
0.046873928750116055
0.20172448876873
0.18003625122235745
0.08486575279845379
0.14535718948417553
0.2758815590786051
0.29744169850155683
0.310744834404155
-0.3535230897330178
-0.15192989661216427
-0.23575824897628858
0.04881349426268597
-0.22966859973594675
0.2841424801495247
0.3562439333843039
-0.06710352125924826
0.10264838164256708
0.09392036112579052
0.21305108503947368
-0.2533428309930211
-0.2513405303686024
0.018525699564788587
-0.255282188377328
0.1795340761493627
-0.31054138316159224
0.13514014045495715
0.4766471145219953
0.057837011876322585
0.10020204367750421
0.21851433093638134
-0.09094683211626745
-0.005613518932375743
0.2723329156321272
0.21601364084782562
-0.08873384506821827
0.3682785797073603
-0.019099139295242488
-0.2543467664019721
0.11815371330431577
-0.03268252908250084
0.14599055977789482
0.12693655377004506
0.3197883359261936
0.29726315992506247
0.002470094158151017
0.3437478327736753
0.1948308936996913
0.24965745920848167
0.31827739421415324
-0.0750737371329933
0.15252553549159942
0.1159541682424059
-0.09404338354055407
0.06587365890150375
0.3699062348959143
0.30300303189589733
0.13993810682627084
0.17211323072239185
-0.20422061142661854
-0.19644198676756167
-0.21315627775979681
-0.23892489911954842
-0.16921586383083934
0.1187364750917688
0.04945451150826024
0.28598568493282894
0.026269470246883298
-0.009891198473863407
-0.20861359543908317
-0.20273250968824166
-0.4071983186355469
0.26931917626865814
0.009966165842752603
-0.12187668602406627
0.18422583137602178
-0.22641504361392248
-0.19360039537190923
0.16487132013426392
0.21034067181702468
-0.41273874893619444
0.3088379366843452
-0.14342539476228192
0.05590459563568223
0.35292814797426825
0.20318024453754663
0.14118251174876126
0.37677956245592875
0.48427755572772313
0.3517944471583489
0.36052531992099474
0.19595064551794278
0.3573909016063155
0.1946936373509196
-0.09170690771191702
-0.013014383561464261
-0.15533363001142744
-0.09625605730684718
-0.18270716534811177
0.2537728586522967
0.336472920607844
-0.029850391843756794
0.43139469417316234
0.19226294638209676
0.09722596419260202
0.03596071557037115
-0.3309341689218905
-0.329628805444796
-0.1635476581847069
-0.1299167991305553
-0.2430895994213554
0.022641776273278163
-0.10237190017780916
0.03372706332048324
0.19917818701625142
0.019993738440977158
0.07950948403424518
0.0017162497833408947
0.0401151571553491
-0.20501798521004463
0.04343945878859635
0.07423821922418918
-0.24171339365248073
-0.20012847855459123
0.29927137323340147
-0.1131258461517364
-0.11440913913661183
0.3449261944380693
0.03270476117992301
0.20246841512459315
0.047045550172351
0.06601839908420505
-0.12439501827728633
0.03893674412175562
0.18490033400802722
0.050012719496573384
0.11548320427869165
-0.06036122115396808
0.16293343398538948
0.04352580943933319
-0.21739931259806639
0.07121379246203245
-0.2663104888405367
-0.24509294823748115
-0.12835235465572387
0.15897310664822678
0.10899730928989974
-0.06631158791941795
-0.29880232313139815
0.2132395490043256
0.13602162984474514
0.243939846527717
0.01794514971030704
0.1396773651419082
-0.1106744605048848
0.1000373202219553
0.05961212343135589
-0.03786324124200066
0.13301524936936146
0.266543824241858
-0.05219059447164038
-0.13376014265196456
0.3058377389997275
0.33198470814241926
0.103799783682809
0.22092928897724634
-0.055661132750615676
0.13197471330188143
-0.15711969711795237
-0.07348157390725324
-0.12735722039462855
-0.010289518687057018
0.3712559021387465
0.34418749518413794
0.1989138384815308
0.2991515869667809
0.27128514053157915
-0.17290587327843635
0.12351657058133969
0.42101299543779314
-0.28374578928243693
0.0856709276282531
-0.266768000539173
0.04066079103804293
-0.023777250620116968
0.1511849264235251
0.31868875291391163
0.3518400738687219
0.10251034856830714
0.21139455425582743
0.2182993776770866
-0.25948636405463904
0.020008104062956607
0.333792881621899
-0.30910725396855376
-0.1916565473496265
-0.2009757706963998
-0.23482182602605983
-0.026666299623207376
0.30386080232939794
-0.27281955592482643
-0.017115094554648574
-0.05100214726559388
0.03386158971529319
0.22563417457051002
-0.015555759255177446
-0.09833939841859313
0.21257579642521202
0.36307434027421104
-0.0991098930951523
-0.24568885690948708
0.20758985116133594
0.3078086024987394
-0.048798865813798775
-0.020337347790658218
0.2188008487563245
-0.11026545150347532
0.14976232332524506
-0.18818513103339318
-0.07158388876736858
-0.188963933354596
-0.266997816085292
0.31890668379005793
-0.17775842335609532
0.07776459020027897
0.21038642070697555
0.04060175819362885
-0.09091216189521807
-0.03734143410953583
0.2455332596388364
0.12441624821991226
-0.004372197322406449
0.44365496813078004
-0.3290914899578021
0.04818663784376527
0.29519991519226485
0.1905008926668403
0.01864864495483744
-0.27045247392422805
-0.1987162467581391
0.0807149255058456
0.08061130134602748
-0.003728725649747312
0.32484440742881776
0.25052907288716125
0.35906471467681733
-0.0032558707582214627
0.127818901906567
0.16390155555094352
0.09325948670778643
-0.37893750201106136
0.11784534514448058
0.0037256972856668166
-0.04503831645318426
-0.10829274393919278
-0.27508422389745213
0.0800034538655586
0.35912438795936186
0.17195854058789195
0.13243218638355153
-0.01026694523168949
-0.37482692289122316
0.16861584404420202
-0.3175620266718372
-0.28697241492773023
-0.11001611415488764
0.019940878908528813
-0.23542154658293227
0.1443778877925935
0.26859741244475654
-0.19055966065219626
-0.09984063242617468
0.2775205435327382
-0.03230880881935254
0.0891694712690556
0.14616771806209064
0.12274623127923097
-0.1770708372655733
0.06909630506121744
0.07001105301677008
0.25549030647004595
-0.17223085275307515
-0.0815611600711071
0.3649125194384185
0.20278877542858847
-0.1418278991972147
-0.00430138128717471
0.0493085092124841
0.06472113245792684
0.2542100991323054
-0.12589255108917277
-0.23405472979035327
-0.21224654692450456
-0.2785634891437371
-0.286241624894001
0.22315773002578893
-0.17693171584960815
-0.045627204230404395
-0.005252079758605848
-0.060758867996081344
0.25300735225963766
0.41641169677813
0.34615849895719203
0.08152684121404834
0.03900392143511955
-0.21678682803382368
0.22988897163424507
0.3195167841851869
0.0012013362313321554
0.26211129887052714
0.3355572793320591
0.05578621887124432
-0.13223923070870605
0.41040066627868704
0.4547137902405053
0.13010719974842552
0.16454297499057866
-0.08197128222644148
0.01415298678905857
0.05024609685812483
-0.08106431507652669
0.2600391308111374
0.3393417518590065
0.27048741272104837
-0.1384030600115101
0.06948850310701501
0.023323331919281303
-0.17385838043510096
-0.2339394951077656
0.04857911616392696
-0.0816807364237752
0.23186045396494648
-0.2278336973284296
-0.053791740191113976
-0.07860085010029065
0.21942741467530144
-0.2601918669028429
0.1302772518500694
-0.1558743244143935
-0.2594601188404663
0.19470850821274968
-0.2052830718414898
-0.044393827827419144
0.3627036736338863
-0.2387259361875404
0.09117078757481178
0.26297828026547054
0.025197663800214348
-0.12090285657747286
0.12044591914048036
-0.2005302131972976
-0.20762832424645392
0.14480388858392015
-0.2957486843177529
-0.27159361578417995
0.2864996159076774
-0.10130909381914902
0.12572138300326757
0.3559275932907627
0.02085951375454363
-0.12828952737270957
0.3069976533333829
-0.15222055392923425
-0.30154528449259
0.12292551664342449
-0.3579277818470578
-0.009875218786786892
0.12417144849145903
-0.2260002455855237
-0.05563676777807149
-0.3027485121081051
-0.2666723391540731
0.1497376566462751
-0.008173538744279526
0.42319463316049893
0.034878460194792765
0.3457494659659575
-0.11535643939551689
-0.048997339555812404
0.1495155425681489
0.27784077534858415
0.09051457737198519
0.006794137743710727
0.21053780006981476
-0.04018436696769893
0.10871218031043675
0.21053604971035303
0.2408222042399665
0.1659272066896696
0.166394745185709
0.019049825376832624
0.08087896938663364
0.2948652959220184
-0.4462038995474679
0.08146090221012131
-0.41869321096445117
-0.1476628494510853
-0.05042667779178916
-0.058326018008842864
0.19016382305740362
-0.1127564600792943
0.31728113659355794
0.0719624652118607
0.36825462961920946
0.2913742461130229
-0.28565354141070964
-0.35704632549582344
0.09038417438786835
0.06529437786717668
0.1010745830899932
0.23313455580892267
-0.07152247875658163
0.06629463515103214
0.16737952616916624
-0.1834119524089116
0.19132802219022765
0.22976677670478662
0.16393675227695573
0.12980400094879452
-0.07444034021013217
0.23447199732894408
-0.10240929118494647
0.34127934757608036
0.35557095430030994
0.04864156090263306
0.2985340184738203
-0.1626801679258062
-0.1051037168307867
-0.028570458494205492
-0.303324429996878
-0.18804268149275258
0.09546438111841692
-0.059625633880441245
0.08481143254572295
0.1718522742328989
-0.04569330239684015
-0.008853975498761577
0.12801355543240653
0.06791406613660801
0.2862192604978934
0.15795482313886178
-0.11469373945410691
-0.14759685607536951
0.15416963529942534
-0.06894575319769347
0.11083652387028321
0.17088076645231356
0.09229283959300211
-0.1994650866222896
0.15307492244723447
0.07442463326785721
-0.23965058366697792
-0.17402000211442847
-0.34636225611052623
-0.27803160127585586
-0.19253310656494846
-0.13111461509177444
-0.3203566864946792
-0.2669197497842618
-0.22811710225816412
-0.2648887002385768
-0.23426851611978944
-0.023174967097467206
-0.20776675895549332
0.0009427120925316441
0.35643939936467856
-0.021332619424326713
0.1724832636385334
-0.06000184683480417
0.18470341360893108
0.07988112658589759
-0.1565182980299775
-0.013356049249577541
-0.30215088769040066
-0.14317939607172678
-0.363497480547117
0.07096526320444953
0.3906202701068738
0.1026998752103813
0.20483054348108007
-0.036126195860002625
-0.22883285878305137
-0.31714088902874604
0.22490348227658868
0.23855073728204412
-0.13843553655947985
-0.03018300533881384
-0.015657853519681873
-0.03309019182611172
0.21438311088036188
-0.02687217921229096
-0.07014884920755105
-0.049718921434370525
0.05637721225872515
-0.24319634823614866
-0.07811388142446203
-0.26527667214603007
-0.2717719764869162
0.4111953083049099
0.2667484495113549
0.1880914577212913
-0.21937597643377507
0.00745851687942569
0.19404609228163888
-0.16151112760896266
0.3626227035564443
-0.008989001413840961
0.13666105539485002
0.16936463895255563
-0.3146422287516424
0.11086269840671004
-0.172647371456117
0.2071872301887476
-0.10372144856900271
0.09674639966776812
-0.08009732342629665
0.23790473616482033
-0.34366051399543834
0.2166583317840819
-0.24876016733479425
0.19236709351428474
0.03702093231462916
0.330703601763529
0.294284157754679
-0.14083845169343318
0.16823496950683056
-0.11913765693500604
0.17910782845035672
-0.017927879594173857
0.20141646770587282
0.16675152964394335
0.15845401774854984
-0.3757837808745891
-0.0780168986148053
0.32272179336633383
0.2786376241791369
-0.2241412102950624
0.27488651978338563
-0.23785485142103632
-0.23078005429942777
0.28357807821654596
-0.04927802951390746
-0.3072196314288336
0.0432455686827105
-0.34170524818808473
-0.04802878625135309
0.2202648907954364
-0.18831471679550424
-0.24161255252209077
-0.13049720667401682
-0.21220117801659102
-0.3936501406119655
-0.014721686453329982
-0.2567415616700783
-0.1551546051759683
-0.09694179261847985
-0.3746364515955695
-0.3059405393341967
0.15601069991093583
0.18982373060895805
-0.2738211014097894
0.12688418261238693
0.01152892633339665
0.29332332603376127
-0.05184325345616167
-0.043840041690382685
0.014121713131241572
0.15202324134000275
-0.19038500496003594
0.0931455351713461
-0.24616739612308938
0.12482786796963793
-0.14609023541728744
0.0644811860376392
0.14521171627755017
0.3733879325928977
-0.15733950337394956
-0.04888140286683133
0.10115906555849494
-0.07029849288309598
-0.002614364890236764
-0.0779149215425468
0.17423112836421872
-0.19594087918036765
0.20190226393694113
0.12391226619142193
0.04319418143252297
0.30817780270507406
-0.20081434377877228
-0.10721208761316162
0.27433652402432823
-0.05799825795671469
-0.31078254698079677
-0.012177489905714224
-0.12492274879998494
-0.1459340658612036
-0.2050541131330312
0.2564025203844087
0.21449453430020296
0.332725428605044
0.4081943594739234
0.1971852444794544
0.26651845389046636
0.15575679798981779
-0.28418648176188505
-0.16445285827428605
-0.08988314597295438
-0.2918820383288196
-0.07829359908527003
0.27168388583546627
0.2966233038659836
0.15045252309806784
0.15435720689947363
0.2186305860635991
0.4084746441242745
0.1329201186380369
0.21414504823674688
0.012252489989092464
-0.04392458080154157
0.0868882714807092
0.24426086114942352
0.053209592078060496
0.14130569513588617
0.17045085055320178
0.13289122553252555
-0.055854180735138405
0.14890130904718657
-0.016046235600460645
-0.009681640594493784
0.156262524945288
-0.3818751570732129
-0.1682783175337156
0.2527385335942664
-0.17221982459199883
-0.2299972904751859
-0.246389110006435
-0.2544551748140898
-0.2657222320762205
0.07271815151125788
-0.09549918852806669
-0.05575446911629229
-0.0029585863472247243
0.0252294423386953
-0.11649170644528896
0.20164429527439567
-0.285367902792891
-0.3675432512012234
-0.10677271622862083
-0.3085022058315801
-0.3291308062351352
-0.29434570264575294
-0.19936156479844874
-0.2312465189394798
0.19395802743289137
-0.2170613791526038
0.04725414597810226
-0.1683924983448656
0.12925440685501827
0.019482581214137065
-0.1591893013558816
0.005757455938715669
-0.12922882204741157
0.1622089376099043
-0.31982831041288506
-0.19028661565046276
0.027527775294791397
-0.0608509975268173
-0.07337511568852922
0.0029011119700799006
0.1204457214936787
0.34757039757066416
-0.08479771515612242
-0.41068981994224235
0.15683816749904933
0.18633001626588983
-0.3280384603084524
-0.07808168002947673
-0.01943405795812946
-0.31894645315806386
-0.02492865241576116
-0.4051443352026469
-0.1574733672856004
0.13811604120009982
-0.1982747159427109
0.15225665035715624
-0.09075038635606766
-0.019006694796508024
-0.19331625654998444
0.052321367748309006
0.04057876142660518
-0.4114014939034865
-0.33552032516702734
-0.33258758478621114
0.013222597500830284
0.32441166487101364
-0.02987102774221919
0.28483932430050307
-0.2623825507478282
-0.11318513792958172
-0.04555245872791003
0.28581007365822425
0.004193852559367704
-0.22828080346522828
0.2700366813264462
-0.19589681279937546
0.3537607284107286
0.11354275958982071
0.1280025800146541
0.14225951250534305
-0.16741302220779122
-0.07540094110394106
0.03584999502922483
-0.05315715048189098
-0.2739329990098002
0.04627564594326955
-0.11900515817642568
-0.12440384700081417
-0.2650388855494177
-0.19020701813780788
-0.0389830707065921
-0.27908965986186773
0.12852869766837224
-0.003940909454337292
0.016135389005509877
-0.2178099978907467
-0.1177370018654036
0.07836534354185419
0.18336556720147737
0.19840335829565234
0.15866858889549112
0.0745949788618086
0.23258363530676343
-0.21793330959166454
0.15938036145910658
0.16841173738266382
-0.05553108288679549
-0.21703126699248113
0.2977415696628057
0.2356980211247833
0.24569666242145652
-0.04264578931586811
-0.25571380794900417
-0.274375407596183
-0.16948657873250889
0.22432467918813795
-0.11200741302530076
0.10286230268729987
-0.008882418103714299
0.16090549678038213
0.3229792486958912
0.2576747401267803
0.11062871576869189
0.15220738064620218
-0.10722582916603429
0.011250676258839562
-0.12471734423163126
-0.17221060288847698
-0.10249769901720031
0.09582749845504486
0.14866229853785742
-0.03868502781044685
-0.28020816663576653
0.13932666838911784
-0.16402644494186155
-0.20800483285231722
0.19915417276738806
-0.11194285962548906
0.27684106071124526
0.04603395503114318
-0.1817278665652866
0.10907091500192181
0.29438580286073623
-0.3133276647901345
-0.06894820780359301
-0.11740505070437472
-0.17560327883393725
0.21448215318948693
-0.17110917832817482
0.09643368690549006
-0.29946223843737113
0.25866187805430596
0.29750795953783243
-0.008929899714557352
-0.12032098454933073
-0.25581321708642346
-0.14860288503649202
-0.3646797207539355
-0.11399811781940072
-0.2726330166401713
-0.10467561854686658
-0.015509149359484036
0.26259558478386574
0.007872016022799959
0.3085849315211104
-0.20578829491765707
-0.2327434273210147
-0.2606171607078357
-0.08670841367107893
-0.03881333613259584
-0.159048345964049
-0.09686159630178832
0.3868189435839084
0.07303074156720955
0.09927803714337126
0.08933953378033145
0.20700439809252574
0.06008871924324688
-0.020772967362530505
0.14431250849825988
-0.3807278911608286
-0.4223870621309945
-0.10047144586991885
-0.26061067885742106
0.22712644856694414
0.3652047945126303
0.23628995142775974
0.16947839302158252
0.14019600129410376
0.47901622901816915
0.13416096696645238
-0.05976001272652597
-0.2533173731267405
-0.13344194840391277
-0.10688217920509281
-0.16592508063977746
0.16392759625228495
-0.02968579600138992
0.04936836090836072
0.09258774774746698
0.33374244696836286
0.31594820038223803
0.43082008466187494
0.006086326895851433
0.14403681924299916
0.2614112504903825
-0.12610412404763946
-0.0802587245416831
0.17056204761919544
0.2599334892121685
0.0555532578327732
0.2792871241198052
-0.002316970498772208
-0.08856689872935218
-0.005741013678411535
0.08138039035332884
0.11454649040580658
0.035344709270502185
-0.0570143821084358
-0.12008213435037701
0.20699566552603077
0.3704822188774626
0.06177133924086175
-0.08813983705582534
-0.06169102713176965
-0.04945398908011871
-0.2554990167942604
-0.06455123250166825
-0.21517452600635495
0.26115028645102895
-0.03353463480815174
0.04007514396739415
-0.15558819222851533
-0.05875620412386294
0.1436990523745785
0.2779779961765522
-0.04638275753165481
-0.12771173313707515
-0.04058008036335272
-0.20683493671671133
0.2408714372208062
-0.10962886517037436
-0.2931225850957506
0.164334969897435
-0.2187607694250015
0.27272984376915793
0.22626259352227002
-0.10193675412785741
0.13342571871830836
-0.2325390242754534
-0.19102586558155385
-0.08142616802848822
-0.06383709472517997
0.09148023371221367
0.287888229750131
0.3334632656759628
0.25664384695305065
-0.14076243216509896
-0.024526168376139617
-0.013428578070540662
0.11765183614157032
0.2884310810303542
0.18580279323092672
-0.11789985670109272
-0.12184398382311357
-0.01797864534758076
0.2743592634118395
0.08719592836531449
-0.15825734466563243
-0.09606881433823611
-0.1255969203856803
-0.23867417232198657
-0.20411897296127907
0.10573294632413063
-0.13341900338538032
-0.38849486023792523
-0.10186121984313953
-0.28853952005257943
0.26121620166851806
-0.24269334210145238
0.14428209253160101
0.1970104561223489
0.31812011296680653
-0.1353736873460555
-0.1626973629323154
0.17549337920793584
0.1675581920894513
0.2270031052546381
-0.17648916914969937
0.2736435022405536
-0.13090924975657808
-0.22050208374962313
0.04953368254610077
0.35646146860146904
-0.23000450749612067
0.20392961978592136
0.47684223100688994
0.3882121288249154
0.47543856782874094
0.484123098211592
0.47623941333239667
-0.25560523078529584
0.06950612259977992
0.3045183074306125
-0.3263491683957406
-0.20851094731275524
-0.154246531611116
0.24960881598067833
0.26865738247126375
-0.13251203646125762
0.1820349503526762
0.14915847811690117
-0.034919811003586265
-0.010881601559823938
-0.06912301181563665
0.17445957522945063
0.2761385346837975
0.36818788271746017
0.19531404628360108
0.2458998338733338
0.19541140180349104
0.35933201565520334
0.08686735140258103
0.2532743681501937
0.24669897374505537
0.12982124394819866
0.06998436283202576
0.19894706304768003
0.11597851200771045
0.20347209566361585
-0.14163140390593226
0.20585166427539056
0.2519031574758834
0.3056372929898917
0.10538237877870198
0.19030165312273345
0.18688764533677793
-0.25352136041172935
0.11839323961781331
-0.22061906778031706
0.025092319860989015
-0.00390936014060129
0.044054326385346086
0.06928548035980142
-0.2120966098605376
-0.18557786194615686
-0.18776068200193863
-0.01297742416151975
-0.1650498309426459
-0.23607622526609634
-0.15389654755128562
-0.11367864156097274
-0.016326795974890597
0.04335531000675041
0.008985541881947445
-0.324228879989036
-0.3537715718029538
-0.07816315017583329
-0.21816927597691996
-0.15802642953587673
-0.11859746942453933
-0.14580074977167218
-0.2592809667889023
-0.18266127212234473
0.08561677589364455
0.2585647179551861
0.14102962510227865
0.23039541724605617
-0.17115617821784543
-0.12198493039698416
-0.24631065775507907
-0.21551846299746746
0.06834048654559832
0.10401257432353177
-0.0027745878247655673
0.10800530008872505
0.16387270428856104
0.09204796764957043
0.2742488087246349
0.2174668520911692
0.13838026270541526
-0.023940475639096074
0.17145659551727707
0.01273363567277035
0.04462775896792959
0.1648633092252124
0.17397842000824795
0.10474193906932149
0.37360851754251534
0.3311266164669209
0.2845041621134342
0.31542677448894557
-0.020935794625987863
-0.05008034562081069
-0.27729564567336845
-0.3170538551630969
0.09419978317230743
-0.26846128408278874
-0.3781403722810916
-0.40810324430080824
0.05818739232531095
0.17833832646226025
-0.08849760575195263
0.2854798756226893
0.05486808882298333
0.2723696721934988
-0.03594478818887959
-0.22768322721338285
-0.28561043752143456
-0.054137271280668565
-0.22863741417106606
-0.05418360081631641
-0.3291070170261808
-0.023831873797534694
-0.30041027606030196
0.04314691731095316
-0.20214579494406104
-0.25016518668013693
0.2667967161273416
0.22509135025923335
0.33589002011737634
0.4011443640391482
0.029991641006928315
0.16445761854930493
-0.24702139447472307
0.05253068042766736
-0.10115358813378392
0.0652486636040724
0.003215158171125156
-0.0930459280385134
-0.03587088688586439
-0.14153623198962867
-0.28128157869505455
0.1814925229573324
0.10960676564191114
0.07854024484725629
-0.11848727297232457
-0.11733216321763486
-0.0757816398097998
-0.05371953329954361
-0.09520739903295175
-0.19410919235085727
-0.30948889140269525
-0.09854330067520731
-0.508708862425745
0.01866773277315037
-0.006758091968627745
0.018446873820117067
0.1735373299546701
0.25854003250604707
-0.13215186828500583
0.12710731603980527
-0.06863353023496577
-0.3716709794681204
0.16762096488087666
0.12364614825919773
0.023692872041335543
0.38806194226176965
0.15227641856982538
-0.27102556672625683
-0.0042421460972123124
0.3057084418334088
0.2655515597008204
-0.06777415359209318
0.21465276639861539
0.13898328212775599
-0.16393001130381296
-0.06962403791953403
-0.2917103520222324
-0.01090236223263346
0.3537825971174191
-0.05212371801063368
-0.22381795312695638
-0.2419750915132158
-0.16749374580258758
-0.10743052006325311
-0.14738529730578323
0.08669059056852887
0.1063042044087236
0.01241240842195576
-0.3815194829479648
-0.196814383123016
-0.042091401222490436
-0.276501298617614
0.05166863585782716
-0.17342069533627497
-0.3544037639908907
0.0018989735651050103
0.12024543957176832
0.1258721600920959
0.10946607214775929
-0.21535699009727405
0.047878174997401955
-0.23722525050623106
-0.19557768430851974
-0.43471307824392535
-0.05186777791547919
-0.18954241176174075
-0.33913092078510776
-0.004083937882343827
0.02068635586270416
-0.11195562915117167
-0.1709671301007259
0.05038057272060798
-0.26486540114541685
0.2338573699166975
-0.2511909225957816
-0.34809229047670875
0.13819811712106936
0.06752887873514013
-0.38301249560571315
-0.35302673412255364
-0.2858610363218096
0.06968653773201733
-0.09983203665910646
0.2285876262052672
-0.22098263443736058
-0.0032138823553074444
0.19594832301859796
0.33295553815469875
-0.13560102780735692
-0.45041333484516316
-0.38749139631441887
-0.2901025237337294
-0.32404948108912096
0.06534030071668243
0.30851195863443504
0.22048878267827254
0.3746706198235075
-0.03258480042625843
0.03552116160470521
-0.027405705727228225
-0.04657885553866751
-0.23036168414247907
-0.13590801618780526
0.2433206144191045
-0.07174458788271924
-0.29558499827045065
0.13420164221408487
0.11523547319622422
0.29624085033849296
-0.0821338857484807
0.103328719417036
-0.1350301383796516
0.3705892209895371
0.20351754951777953
0.23553795588456772
-0.024504819693090995
0.13634632379304568
0.179241457868788
-0.1414687015412141
-0.2366225402498703
-0.2155959871800952
-0.25318239646045204
0.005251543452704186
0.26808147044005737
0.36279529475582417
0.26490754633824937
-0.1511071926565396
0.34709622087718306
0.06847968520574979
-0.14059856701654067
-0.2316230455725669
-0.31662251496054766
0.0967207231824505
-0.19830790678783514
0.1614005335567251
0.004767481315893863
-0.186154468756077
-0.13097390107229495
-0.2273516000166627
0.12706521578697236
-0.04325698740817864
-0.1464168688730503
-0.19882162188242514
-0.31224025144062095
0.08685879262427076
0.09440963760123415
0.0448029716965907
0.14127597032552663
-0.29518752175943486
-0.002403163390231136
-0.22478935703825037
-0.047552904534023895
-0.10472709834366763
-0.24261482305479912
0.1998080784602852
-0.18612679428084522
0.04239263249948614
-0.2283514857784879
-0.3101262879314995
-0.03172454424096459
0.036199634282641995
0.17192806345986275
-0.16204549124972245
0.3102235494152816
0.07242551685389456
-0.03201563202248421
-0.006074451869611292
0.08876136629495492
0.03657490785550586
-0.17334895647752166
-0.056383538165840956
0.14668097283843068
-0.11379864784783843
0.2779050800665763
0.2266928387543431
-0.18160831079961307
-0.26205740965527663
-0.27606103790430075
-0.22289686384638582
-0.08856274445167518
0.32142954302569876
0.08346167281075177
-0.2568194013352089
-0.2558790180151623
-0.33149839718757773
-0.39144831867015645
-0.0393623157913896
0.24834482323912405
0.17375405834119687
0.04544145956788407
0.25504856990780334
-0.06493825230951515
0.2736834802194983
-0.10411343541183858
0.09222570850446692
-0.09264247854417512
-0.16584040942880596
-0.37647736700989726
0.02130325350289091
0.2845716353138591
0.2216250693694513
0.15988483769205955
0.2638802207593117
0.3388752769811799
0.2583835489939774
-0.16969736948907826
0.22304522306677096
0.26120381519964814
-0.027178800353368268
0.2226732697758665
-0.19626958666365504
-0.23993968414347386
-0.036907193788353845
0.22536217301371478
-0.0830397217481111
0.3335615862637497
0.41419104003260004
0.08232378764875947
0.2840441402669808
-0.10776859086108753
0.17296431035772714
-0.08610277172161332
-0.06990134491857694
-0.0728198694821796
0.1543995173370925
-0.24447767480185562
-0.24655436355345547
0.14475930967121584
0.3492502495080561
-0.24454763373481384
0.10535633399421267
-0.3366779697034975
0.2517210649665587
0.06337549051560107
-0.06112339490589774
0.23991948303974467
0.34131036923044394
0.11226835177436464
-0.07627346678830449
-0.19598814878515777
0.2880218135952978
0.13409781929688513
0.22548255162481032
-0.17950994253418492
0.287465717276944
0.030814126607571754
-0.14892624896465456
0.03687339730287186
-0.4571911621413649
-0.049463220334504066
-0.19022116369195066
0.09873767813179474
-0.2449602670457074
-0.07230782900629748
-0.18958801731382946
-0.3919464853610637
0.16343629756880482
0.20049396996753924
-0.18497533921730422
-0.2698459868038148
-0.09978164926962549
-0.29823153474360997
0.2328611416956764
0.3127530325893148
-0.1436194169998376
-0.34583732450441546
0.10558081514502225
-8.787725876729681e-05
-0.006624643195132459
-0.23112582128197665
0.1972662740637367
0.12411283547130464
-0.16512187522142782
-0.10426649174322503
-0.2935293294116349
-0.25972639063291747
0.01824202735042196
0.3209706350428833
0.032105648899142095
0.09196783332236497
0.002514401384183214
-0.21653994993214842
-0.03929357855927853
-0.0811794169924898
-0.13175640435628813
-0.12286956762645614
-0.0806241294996176
0.16061240918408234
0.25438749637243924
-0.025760650591019053
0.36946408297037664
-0.05751786755998235
-0.28881483105595035
-0.4002617245246054
-0.34978102509086967
-0.17400342616021366
0.26350392558412533
0.06620553654476138
-0.208807191323913
0.2602022444971435
0.13898113495439424
0.29295148627890955
0.02865385136179074
0.0037886979248991297
-0.14186498261248676
0.26138958728874073
-0.17588366727350166
-0.22449579567877365
0.06042436456117217
0.20743680387344704
-0.3108684092600826
-0.2675962302480609
0.10823144874150392
0.06750830443161608
0.28219188438359416
-0.3392511263870661
0.2078975912969148
0.14158955233009507
0.25723563364917024
-0.08672050847249238
-0.24852468558409976
-0.12057314681191511
0.1680109549490195
0.061272545423314825
0.023901625757231305
0.36250958638549385
-0.33843195805792453
-0.10859347047023228
0.14711000104067576
-0.18160304927700538
0.3009886573582861
-0.3191390857398803
0.026957993846761966
-0.03429879665209986
0.29512755697865584
0.11478266012908407
-0.07189685717101382
0.3196242746868556
-0.046512908702108204
0.14076709996264933
-0.0030794389967785654
-0.21953527499111447
0.0982336008575248
-0.0067267444206309205
0.17863070069989584
0.16999888255122836
-0.15239287674459856
-0.2364341187202745
-0.08044565194443457
-0.02574451432100908
-0.017591965121920544
-0.1949663304172111
0.15794106518910664
-0.17198536205174714
0.2395590343852154
-0.19206487491226387
-0.279309379095445
-0.03583701177418493
0.08871961201974622
-0.07705278561691042
-0.036543911558690564
-0.06661117562248803
-0.256419068375079
-0.3267676803026053
-0.1853278496419757
-0.03889677368521059
0.033136325216469115
-0.05486164075485548
0.01474322701302772
-0.08515653290950338
-0.1701593139178453
-0.054280921976265856
-0.0679239797020938
-0.12038746037654806
0.05083768098433942
0.22400398451827377
-0.2377030602607352
-0.22718179514769005
-0.340451857664455
-0.4451212771573216
-0.2237335090270594
-0.35030376873032215
-0.44903826835607014
-0.07788730506794207
-0.005110881577167418
-0.2795994368807768
0.04825373769379559
-0.14571944872342008
-0.20083138667742698
-0.26288509390008413
-0.14379275574199982
-0.42320188937512926
-0.36072290500672083
-0.33636936356835084
-0.2842062489126642
-0.03324709341521062
-0.035748093599764635
-0.03125227389283921
-0.2067919871495625
0.035951253259461295
-0.05867456034156111
-0.1672653598452648
0.08976465760499903
-0.2361291707925622
0.0006465647605120766
-0.2267499190153247
-0.02901968896035037
0.1506342635809762
-0.08377027021972432
-0.07401538270402407
0.14956078866127626
0.33461385062010346
-0.06952525474309011
0.0027880249380194946
0.13211932260319367
-0.12077208278731041
-0.050324719917720695
0.07788514319889102
-0.16247200435285222
0.13709826020070642
-0.11402421920599373
-0.008538138314685521
0.158179469078994
0.12343617172694782
0.2112311752546095
0.2940773867723097
0.2807328372080362
0.21394961634522633
0.21915426837554328
0.4856374839032244
-0.3296693514974767
-0.15459970459717312
-0.003994688872119091
-0.11404836475632185
-0.06411099579562236
0.06708324312398473
-0.04163487845202752
0.1063836854022144
0.1432177179313156
-0.24893547528963672
0.0966598972233144
-0.006495142927522052
-0.05094865351830695
0.030467125492055894
-0.01996085497788808
-0.0001426597346265582
0.2325955118167539
0.2993667355979731
-0.14461425167486072
-0.0056854130602863075
0.10737695176967237
-0.25413566247003677
-0.2101847979279339
0.010482894200423577
-0.3398616509507354
-0.032942054059875964
-0.03289898631882288
-0.4029515734563739
-0.06497811195585768
-0.08118642319919536
